"Defores"	"Elev"	"Pendiente"	"Dist.rio"	"Dist.ciudad"	"Dist.pueblo"	"Dist.carP"	"Dist.carS"	"Dist.agri"	"Insolac"
1	200	0	42.4	73401.9	384.2	9883.9	108.2	30	3857.7
1	238.7	18.9	189.7	71400.1	1795.2	8066.5	1718.1	150	3976
1	125.9	0.2	212.1	61425.7	3270.6	1485.5	1018.7	216.3	3819.2
1	243.3	19.9	2670.2	52664.8	1999.4	1918.6	323.1	30	3502.3
0	325	20	2361.4	51706.1	1771	1523.2	30	84.9	3093.5
0	291.6	12.3	1489.5	50748.6	2058	823.8	67.1	108.2	3351.5
0	349	4.7	42.4	71222.6	2765.4	11562.5	1210.8	42.4	3750.5
1	378.4	25.9	1090.4	50503.7	2953	1106.3	0	42.4	4311.7
1	295.4	7.9	60	70218.8	2448.4	11056.5	570	60	3760.3
1	522.1	19.8	1281.6	52204.2	3892.7	2779.5	331.4	241.9	3312.2
1	410.8	14.9	1731.7	51236.9	3780.5	1824.8	577.1	134.2	3701.5
1	300	0	0	69067.5	1569.8	9703.4	295.5	42.4	3908.1
1	244.7	17	1561.2	51033.3	4330.4	1583.2	603	134.2	3528.1
1	658.7	20.9	42.4	44200.7	5246.9	3330	2174.9	2589.4	4532
1	542.9	20.7	192.1	43207.9	5977.5	3465.6	1888.1	2521.6	4419.6
1	497.7	14.2	182.5	42245.5	6758.7	3771.5	1240.2	2648.5	4306.1
1	350	0	451	68662.8	2788.9	11486.5	120	84.9	3933.1
1	354.6	14.1	150	42989.1	5384.1	2523.6	1103.1	1532.6	4215.1
1	350	13	212.1	42021.7	6173.4	2836.7	488.4	1681.3	3651.7
0	666	28.7	474.3	40061	7298.6	3768.2	1230	2313.1	3515.3
0	567.8	14.7	67.1	39097.1	6577.3	4454.8	2220	3003.7	4183.1
0	271.8	22.6	84.9	67892.4	1423	10777.3	934.3	67.1	3115.6
1	196.4	6.3	120	56609.6	1231.5	1527.6	966.1	108.2	3644.1
1	506.3	21.3	360	40843.1	6299.9	2334	872.1	977.2	3873.9
1	560.5	23.2	108.2	37906	5155.9	4504.4	3267.9	2204.9	4384.3
0	200	0	0	67165.8	649	10237.4	451	30	3837.1
1	301.4	6.6	180	39656.3	6185.1	2366.2	2210.5	1183.8	4050.3
1	449.3	3.7	201.2	38682.3	5314.7	3107.6	2130	1676	4078.2
0	326.4	4.5	0	37709.2	4494.2	3858	2328.6	1247.8	3862.9
1	428.8	16.1	228.5	34766.1	2788.9	6513.4	1532.6	1527.6	4306.1
1	350	0	318.9	20302.3	1050.4	1274.6	270	30	3919.6
1	150	0	488.4	48407	1472.8	465.7	60	30	3827.9
1	439.2	20.2	1146.3	39493.1	5816.4	1716	1236.9	254.6	3204.9
1	293.7	11.5	339.4	35555.1	2336.9	5268.1	1380	474.3	3907.3
1	381.9	10.9	268.3	32602.5	2258.6	8206.9	30	924.2	3766.8
0	694.5	26.7	432.7	31630.1	2988.7	9185.3	335.4	1703.9	2940.6
0	247.1	33.1	366.2	43340.5	2342.7	1206.7	192.1	123.7	2408.8
0	929.2	29	510	30445	3524.3	10114.5	1548.7	2406.7	2917.9
1	215.7	12.6	94.9	65402.4	4236.8	10494.6	268.3	123.7	3357.4
1	250	0	90	62101	1092	2954.4	1272.8	30	3885.1
1	241.8	21.8	241.9	47211.5	1783.9	1760.8	660.7	60	3100
0	539.3	23.1	697.8	44223.1	1450	1998.3	60	800.5	2961.6
0	290.8	15.4	30	43237.3	2386.7	2096.8	120	751.8	3149.4
1	173.5	2.6	362.5	42221.8	3383.6	1832.2	484.7	84.9	3704.4
0	210.6	5.7	416.8	35269.8	1583.2	5146.5	240	67.1	3620.7
0	874	14	210	29316.9	4448.2	10951	1347.7	3480.5	4105.4
1	530.9	22.9	967.5	17507.8	1548.4	3337	1098.6	859.1	3234.2
1	255.6	7.6	968.4	66209.9	2225.1	14446.1	1484.9	60	4111
0	246.4	28.8	120	64463.2	3677.7	9940.8	658	120	3458
0	501.7	9.5	108.2	44144.1	2066.5	2982.2	523.9	1234.4	3537.8
0	373.4	30.6	42.4	42139.1	3690.1	2503.2	863.8	218.4	3082.9
0	327.9	28.9	818.8	38160.5	4730.9	2689.3	636.4	573.1	2490.2
0	270.7	5.6	84.9	37173.7	3785.8	3517.2	912.4	308.9	3616.7
0	496	34.8	210	35170.8	2005.3	5369.6	1207.5	1018.7	2722.5
0	409.6	11.4	510.9	34184.6	1382.9	6317.5	1159.2	1001.3	3527.2
0	405.5	10.8	466.7	32183	1913.4	8272.4	550.7	721.2	3433
1	534.9	18.6	371.1	31197.5	2737.2	9243.9	256.3	1584.3	3775.4
0	1091.1	25.4	1142.4	29197.6	4615.3	11226.4	466.7	3542	3787.6
0	759.2	24.2	590.9	17307.3	2423.3	4250.8	834.1	1771.8	3478.4
1	300	5.3	729.9	67307.1	2563.2	18951.3	0	67.1	3978.6
0	250	4.6	1234.4	66053.4	2471	16039.7	1736.1	60	3935
1	654.7	15.9	254.6	44085.8	2924.8	3999.1	1339.3	1890.2	3936
0	453.6	19.4	150	42078	4231	3278.7	424.3	695.8	3200.2
0	734.7	19.9	241.9	38093.1	5098.2	3420.5	1652.5	1443.1	3195.3
0	419.1	10.9	30	37104.5	4236	4103.4	1461.1	1268.9	3433.2
1	787.5	15.4	300	36086	3420.7	4917.5	1176.1	1422.4	3618.6
0	893.8	34.5	318.9	35097.6	2762.6	5770.6	989.5	1980.9	3177
0	677.7	28.7	120	34109.3	2350.2	6661.7	1064	1972.9	3332.8
0	611.7	24.6	362.5	33091.1	2324	7605.4	937.7	1571.8	2739.2
0	605.8	21.9	94.9	31115	3332.2	9482.5	228.5	2121.3	3044.9
1	796.1	20.2	0	17158.1	3391.6	5197.6	268.3	2460.2	3822.9
0	601.1	12.7	1626.1	15163.8	2605.2	4435.5	994.1	757.2	3398.5
0	487.3	6.8	3369.9	13203.9	1507.5	3692	740.9	540.8	3726.6
0	150	0.1	400.2	65975.7	2277.8	17752.6	1100.6	123.7	3828.3
0	794.5	15.5	510	44051.8	3834.4	4987.3	1731.2	2685	3472.9
1	790.5	9.7	375.9	43062.1	4277.4	4680.9	953.4	2022.5	3727.6
1	581.3	28.2	94.9	42042.4	4904	4132.3	94.9	1712.4	2875.1
1	738.5	26	60	38053.7	5611.3	4245.7	807.8	2385.3	4099.6
0	1206.6	21.9	234.3	35054.8	3623.1	6294.9	67.1	2832.1	3369.2
0	864	14	1008.5	30047.3	3783	10762.4	30	3542.7	4305.3
0	1081	21.9	1925.9	29057.9	3872.2	11697.3	902.5	4320.9	3178.7
0	744.4	14.3	2130.8	15064.6	3276.7	5353.9	1465.1	1702.6	3696.4
0	631.3	11.3	3838.2	13089.8	2494.5	4561.6	1583.2	1481.9	3565.8
0	597.9	12.2	4123.2	12073.2	2637.6	4164.8	1312.1	1209.3	3612.4
1	60.4	12.7	241.9	65080.8	1805	17600.6	953.4	84.9	3800.1
1	309.2	5.8	1332.6	62680.4	1782.2	11673	1159.2	42.4	3722
1	300	0	573.1	61626.6	3476.4	8746.4	2131.9	120	3909.2
1	200	0	108.2	58354.8	2698.3	8039.7	577.1	241.9	3861.4
0	324.2	24.3	349.9	49050	1931.5	5303.3	953.4	218.4	2859.3
0	308.9	27.7	863.8	48030	2765.4	5255.5	1027	189.7	3423.1
0	317.3	17.4	234.3	47040	3665.9	5392.2	1273.1	342.1	3127.6
0	486.9	22	60	46050	4603.3	5700.1	1997.2	926.1	3914
1	661.1	24.1	558	42030	5670.7	5036.1	1031	2563.4	3714.6
0	673.1	16.5	201.2	39030	6996.4	4809.8	530.8	2456.5	3728.6
0	740.8	16.5	1235.5	36030	4964.9	6228.5	658	3160.3	4170.9
1	688.2	23.5	1415.1	34050	4298	7680.5	882.8	3112.2	4217.4
0	678.7	18.9	1636.9	33030	4207.9	8512	990	3423.3	3459.8
1	815.1	18.6	1507.5	31050	3025.4	10224	335.4	3730.1	3748.4
0	934.4	24.6	2724.1	27030	3988.3	11773.5	2010.2	4185.5	4360.8
1	783.2	30.8	807.8	22050	7905.1	8876.2	968.4	7173.2	4612.1
1	726	11	750	20040	6540.1	8163.6	720.6	5834.6	4379.4
1	1065.5	16.9	989.5	17040	5326.6	7030.5	523.9	3567.9	4617.8
1	999.4	19.9	2430.7	15030	4080.1	6267.7	2255.4	2673.2	3206.7
0	892.6	33.5	3359.2	14040	3662	5899.6	2864.5	2700.8	3054.3
0	876.1	31.5	3747.6	12030	3587.1	5109.9	2292.6	2006.6	2435.9
1	250	0	885.9	62499.4	570.8	13523.3	180	30	3881.6
1	300	2	1793.2	62114	421.1	12537.6	499.3	123.7	3915.3
1	200	1	730.5	57188.8	2176.8	6024.3	360	30	3798.6
1	560.8	19.9	617.7	48038.4	3373.5	6274.6	2043.5	566	3652.5
1	524.1	30.2	618.5	47048.6	4143.9	6389.5	2191.6	1276.3	3374
0	924.8	27.5	685.4	44049.2	5763.2	6889.6	2089.7	1973.6	3684.3
0	902.8	9.4	1086.6	42039.6	6523.9	5995.8	1026.2	3229.4	4312.1
0	649	12.5	517.9	41049.9	7080.6	5766	454	3122.6	3634.1
0	643.7	24.6	1323.1	38050.6	6976.5	6074.5	833.5	2713.5	3719.8
1	518	24.4	2184	36041.2	5863.5	7027.2	1642.3	2255.4	4367.9
1	553.1	17.3	2195.1	35051.6	5455.1	7648.5	1484.9	1980.9	3477.2
0	513.5	28.9	2325.7	34061.9	4530.1	8341.3	1636.9	2187.5	3406.2
1	837.9	28.5	2251.8	32052.6	2792.6	9904.5	1672.8	2581	3897.3
1	744.2	21.9	2391	28064.4	2545.9	13216	2419.6	2965.3	4486.6
0	586.4	9.9	1878.8	27045	3354.9	12504.1	1950	3273.7	4278.6
0	514.8	10.1	94.9	22068.4	8027.6	9815.9	30	7088.4	4248.1
0	549.7	0.8	305.9	21049.3	7951.4	9452.6	120	7236.2	3980.2
1	763.6	8.2	774.2	18052.4	6548.7	8350.8	408	4987.3	4117.9
0	913.7	12.9	1669.8	17063.8	6114.7	7973.1	300	4351.7	4479.7
1	1045.4	13.8	2330.9	16075.2	5493	7598.9	1290	3894.2	3939.9
1	1458.2	32.5	2508	13081	4502.5	6401.3	3485.4	3332.6	2819.2
1	300	0	30	58484.6	780.6	4474.9	1371.2	42.4	3909.4
0	280.1	23.2	1391.7	49085.9	2659.4	2635.9	1851.5	713.1	3074
1	541.5	23.2	313.2	46088.8	5526	7591.8	3330.5	1560.3	4451.3
1	717.1	16.1	150	42072.5	6461.4	6943.8	276.6	2735.4	4410.9
0	433.8	8.9	1180.7	27096	2954.8	13248	1186.8	2400	4208.7
0	400	1.7	362.5	24104.2	5901.8	11557.2	216.3	4837.4	3859
0	610.4	26.1	1041.4	22130.9	7868.8	10737.4	931.5	6729.7	2671.1
0	650.7	4.5	1291.4	21114.8	8753.3	10388.2	1110	7683.7	3936
0	755	6.5	484.7	19143.5	7821.5	9648.9	833.5	6408.6	3913.8
0	937.1	16.4	1213.8	17144.5	6876	8891.3	805	5232.8	3540.1
0	1470.3	34.1	2028.7	15148.4	5888.7	8133.5	2477	4668.9	2451.8
1	1710.5	23.5	1603.5	14166.6	5607.1	7697.4	3436.3	4613.1	3354.1
1	795.2	31.8	2250	11200.6	5767.9	6527.7	2455.1	1944.5	4434.7
1	300	0	1123.3	59525.9	2377.8	10499	933.4	42.4	3907.6
1	300	0	915.9	58806.3	2233.9	8495.9	318.9	247.4	3908.9
1	200	0.5	174.9	51262.4	3140.8	2947.5	457.9	134.2	3837.9
0	321.5	27.5	800.5	47910.1	1689.6	3576.2	2397.2	335.4	3069.8
1	397.8	8.3	997.2	47544.4	2970.6	5584	2942.4	342.1	3635.1
1	410.3	26.3	1455.2	47261.4	4440.9	7592.9	3062.4	918.3	3673.7
1	520.4	24.9	948.7	47128.1	4968.1	8341.2	2629.2	833.5	4442.2
1	304.7	8.7	67.1	46140	5621.5	8543.5	2531.4	948.7	3920.7
0	439.9	20.1	540.8	45122	5908.7	8863.4	2124.9	241.9	4079.4
0	388.2	27.3	180	44134.1	5820.1	8600	1166.9	570	3800.5
0	470.6	9	150	43146.2	5788.1	8202.2	180	1556.5	3966.9
0	715.9	18.9	711.2	42128.6	5489.7	7902	483.7	2187.5	3115.7
0	602.3	15.6	1194.7	40153.4	5435.3	7680.5	174.9	1707.6	4086
0	389.3	29.9	902.5	32169.2	2170.2	11162.1	1060.2	892	3048.4
0	422.9	9.6	700.4	31183.3	1188.7	11900	1110	848.5	3694
1	273.4	6	695.8	30167.8	258.1	12696.2	758.9	662.7	4010.1
0	367.9	9.6	582.5	28197.5	1842	14323.1	725.6	1033.2	4090.8
0	310.6	5.6	161.6	26198.8	3845.7	13446	150	2629.9	3860.3
0	410.3	7.2	816.1	25215	4834.6	12920	684.8	3573.1	3730.2
0	490.1	6.6	1240.2	24202	5853.8	12437	1092	4536.4	3738.5
0	575.8	10.2	1652.2	23219.3	6843.2	12023.1	1533.2	5538.6	3691.7
0	707.3	13.6	2020.9	22237.3	7832.8	11665.6	1905.2	6516.7	3452.5
1	864.2	30.7	2221.2	21226.3	8852.5	11314.8	2100	7497.9	3170.3
0	935.6	22.9	1757.8	20245.9	9125.4	10941.3	2061.9	7808.3	3416.7
0	895.6	7.7	844.8	19266.5	8748.2	10567.9	1734	7159.4	3847.4
0	1000	2	697.8	17281.7	7689.6	9805.4	1703.9	6129.4	4144.5
0	1161.5	19.8	1623.9	16306.3	7205.1	9431.7	2178.7	5813.6	3338.7
0	513.2	6.7	1560	10451	4751.5	6755.3	1129.3	579.4	4088.4
0	300	0	600	57851.5	1344.7	8649.4	1197.7	201.2	3908.8
1	541.4	16	0	46538.1	2561.3	5664	2892	1248.9	4350.7
0	500	0.5	424.3	44212.3	4800.1	9521.9	1170	474.3	3966.3
1	524.3	32.5	1980.9	41224.9	4352.6	8743.4	891	774.2	3736.4
0	232.6	4.7	30	29300.7	1489.5	14103.2	30	60	3991.2
0	476.3	28	1020	26330.4	4032.2	14303.9	920.3	2460.7	2535.2
1	573.3	26.9	1570.4	25351.8	4984.2	13810.6	1514.3	3450.5	2622.2
0	594.9	9.6	2139.3	24344.4	5977.9	13355.4	2040.9	4440.4	3687
1	726	19.2	2573.9	23367.7	6949.7	12969.1	2439.1	5460.3	3581.2
0	1069.7	20.3	1461.1	19445.1	9699.1	11510.8	2658	7575.5	3173.6
0	1056.6	21.5	540.8	18447	9086.6	11125.1	2490	7460.1	3732.3
0	1860	18.5	276.6	15527.1	7796.6	9936.3	3615.2	5220.1	4023
0	1263.9	25.6	174.9	14568.9	7586.1	9557.8	3168.7	4343.4	3961.4
0	946.4	8.7	256.3	13615.2	7501.5	9256.5	2254	3438.9	4133.1
0	773.2	10	108.2	12638.5	6833.9	8712.3	1421.4	2456.5	4247.7
0	618.6	10.3	342.1	11697.3	5886.9	8146	961.9	1455.2	3894.2
1	200	0	997.2	60145.8	5289	16704.6	655.2	60	3846.4
1	246.1	10.1	1731.2	58852.9	4000.8	13755.9	1250.3	30	4068
1	300	0	792	56577.7	1831	7974	853.8	153	3908.9
1	420.6	29.1	123.7	45561.9	1950	5843.8	2356.5	732.4	4419.2
1	330.3	28.2	1462.9	45266.5	2800.5	7801.5	1793.2	641.3	3756.5
0	628.6	19.7	1358.3	42313.5	3548.1	9866.9	189.7	1520.9	3611.3
1	393.5	18	2187.5	41330.3	3363.3	9729	558	595.5	4150.4
0	546.2	22	1994.5	40347.4	3463.4	9690.4	108.2	666.1	3199.6
1	316.2	28.4	446	38353	4405.9	9914.9	569.2	417.9	2672.3
1	581.6	44.3	1320	28473.1	2877	15494	989.5	1090.8	2454.5
1	801	35.9	2341	25522.8	5315.8	14691	2263.6	3615.1	2109.3
1	821.4	25.1	2991.7	24522.5	6257.1	14259.9	2919.3	4569.5	2942.3
0	832.3	9.5	2562.7	23553.2	7191.2	13894.4	3320.8	5565.8	3710.3
0	1288.4	19	810	18679.3	9919.5	12042.1	3480	6831.2	3487.1
0	1333.6	14.6	134.2	17723.9	9445.6	11665.7	3602.1	6748.9	3720
0	1057.9	16.5	695.8	13918.6	6957.7	10120.1	1983.6	2966.5	4479.7
1	969.9	23	630	12960	6150	9518.7	967.5	2147.7	3689.9
0	511.2	5	210	11130.5	4817.7	8454	67.1	827.6	3941.1
1	350	0	1416.1	57130.7	2351.7	12067.3	1140.4	60	3932.4
1	200.6	9.2	457.9	48118.3	1920	3354.1	553.2	42.4	4109.8
0	644.8	18.3	2160.2	42439.3	2629.9	10840.8	766.6	1170.4	3275.8
1	275.6	16	2758	41459.1	2374.7	10715.4	201.2	228.5	3866.1
0	206.6	14	330	34554	5262.4	12294.3	284.6	1578.4	3203.1
1	200	0	134.2	33549.3	4497.4	12830.2	153	1985.7	3817.2
0	520.7	16.5	2180.1	28659.7	3695	16131.7	1077.1	1909.7	3548.5
0	743.9	30.2	2831.1	26695.6	5005	16023.6	2839.2	3204.8	2659.2
0	1574.9	33.7	2066.5	19930.5	9069.7	13343.1	3905.6	5603.5	2519.3
0	798.7	8.6	301.5	13342.8	5559	10347.7	1275.6	1673.6	3989.7
1	646.1	5.4	210	12450.4	4755.6	9820.2	840.5	732.4	3985.5
0	545.2	5.4	256.3	11573.9	4036.1	9298.9	510	523.9	3950.2
1	459.7	0.3	108.2	1239.1	1612.8	1080.4	644.1	30	3981.4
1	306.1	7.6	769	55050.9	2123.2	9726.8	90	30	3968.5
1	250	0	550.7	52372.7	2630.8	3589.2	234.3	30	3884.5
1	200	0	134.2	47188.5	2174.1	3038.2	134.2	30	3853
1	150	0	690.7	43767.3	991.8	4562.1	582.5	30	3825.5
1	321.7	11.7	2795.2	42592.6	1766.9	11846.9	1542.9	182.5	3696.4
0	250.7	15	2296.1	41616	1358.3	11732.3	745.2	429.5	3847.9
1	274.6	10.6	818.8	32774.6	4749.6	14230.2	840	1182.2	3443.4
0	249.7	9.1	931.9	31807.4	4388.8	14816.1	150	690.7	3529.7
0	550	2.3	2269.3	29848.5	4291.7	16127.6	1261.4	2145.4	3924
0	573.2	20.2	2340.2	28886.2	4431.3	16824.3	1640.2	2690.8	2997.4
0	809.8	19	1924	27896.5	4789.7	17392.9	2423.3	3301.8	3239.5
1	1109.4	24.2	1992.2	26937.2	5304.6	16931.5	3309.3	3889	3487.1
0	871.6	16.7	660.7	13800.5	5081.6	11210	1110	1659.5	3383.9
1	353.2	7.2	780	55714	2551.6	13757.7	174.9	67.1	3896.9
1	209.2	11.1	0	54127.9	3057.6	10251.6	442.9	60	4045.2
1	150	0	67.1	50212.5	2124.9	2489.1	161.6	90	3831.9
0	390.2	13.4	979.5	44402	1832.2	1489.5	1050	900	3342.2
1	283	21	1816.2	41943.7	810.6	11167.2	678.8	702.3	3204.8
1	245.6	11.6	1201.5	37880.8	3856.8	13060.8	201.2	800.5	3821.1
0	454	27.3	1804	32997.2	4380	15054.8	1015.1	1961	2933.7
0	878.7	28.7	2535.1	30090.5	3302.2	16859.6	1776.1	2661.9	2738.6
0	628.9	32.9	1523.2	12624	2875.8	11084.6	342.1	241.9	2338.3
1	197.5	8.2	84.9	53594.1	3301.8	11655	432.7	67.1	4035.6
1	150	0	216.3	49224.8	1832.2	2044.6	603.7	94.9	3834.2
1	349.9	6.9	1951.6	42551.6	780	1165	1471.2	915.9	3850.6
1	153.4	5.9	466.7	40027.4	1963.8	13725	67.1	42.4	3621.6
0	402.2	10.1	2441.8	37108.2	4167.5	14284.1	216.3	2121.7	3460.3
1	580	23.7	2942.4	36147.5	4440.1	14599.7	60	2563.2	3776
1	464	26.9	2897	32290.9	2984.7	16424.7	335.4	2700.2	2675.6
0	573.8	21.7	3103.9	31310.4	2468.4	17010.4	402.5	2886.2	3545.2
0	900	2.5	2370.8	30361.2	2313.1	17616.8	1106.3	3288.7	4211.9
0	647.5	21.5	1288.3	26563.8	4714.7	18339.3	3709.9	2518	4080
1	1000	4.5	1425.6	20975.1	6307.1	16122.3	1559.1	2763.9	4286.1
1	609.3	27.3	513.5	11414.8	1680	11232.9	365	658.6	4324
1	211.7	20.5	150	54768.3	2139.3	16429.6	831.9	30	3938.1
1	260.9	9	658	54323.8	1207.5	15565.4	390	67.1	4084.1
1	304.4	12.5	1113.2	53893.2	547.4	14717	247.4	84.9	4234.2
1	350	3.7	510.9	53052.9	1994.5	13056.1	484.7	108.2	3978.1
0	233.6	17.4	0	52655.2	2959.7	12276.4	626.4	30	3143
0	258.7	15.7	953.4	51540.1	994.1	9991.4	335.4	84.9	3709.8
1	250	0.1	1092	50538.5	1350	8131.4	432.7	90	3877.1
1	277	3.2	1569.8	48405.8	1200	3120.3	60	84.9	3997.2
1	150	0	201.2	48648.4	2423.3	702.9	926.1	268.3	3830.4
1	235.4	15	169.7	45397.9	1894.5	2248.6	2663.1	276.6	3263.2
0	350	0.2	540	43239.3	979.5	2940	956.7	745.2	3927
1	304.6	21.1	1281.6	40017.2	1783.9	14741.8	662.7	930.5	2904
0	635.9	24	3246.8	37362.7	3166.1	15263.8	1113.6	2743.2	2637.2
1	497.3	29	0	27837.7	3376.2	19657	2522.9	1477.3	4186.6
1	442.7	9.8	990	26910.6	4307.7	19290.7	2753.6	1584	4084.6
1	857.2	30.6	1489.5	25043.1	4679.3	18573.4	1901.6	2489.3	4293.8
1	750	0.6	590.9	24131.7	4560.4	18200	924.2	2277.8	4017.3
1	759.4	24.5	67.1	12287.6	2886.2	12469.6	0	1528.8	3832.5
0	531.6	15.9	458.9	11271.9	1965.4	11491.4	234.3	637.8	3347.3
1	291.3	6.1	1500.3	53437.6	1170	16084.3	150	60	3909.1
0	251.1	9.7	603	50973.7	900	11304.3	330	67.1	3572.6
1	250	0	212.1	47232.8	2952.4	3107.3	192.1	108.2	3882.8
1	179	10	1124.5	47729.3	2892.6	597.7	725.6	201.2	3573.2
1	400.7	9.3	630.7	44043.8	1092	3669.9	2042	774.2	3571.6
0	350	4.2	1024	43590	1865.3	4422.3	1527.4	690.7	3675.8
1	493.6	24.7	2087.5	39120.2	2319.5	15829.9	429.5	1783.2	4210.4
1	493.4	27.5	2351.7	30995.2	323.1	19219.4	780	2013.6	3656.4
0	700.9	10.9	1323.1	22230.2	4067.8	18356.1	469.6	524.8	3531.6
0	968.9	27.8	1332.6	16230.3	6014.7	15658.3	361.2	4183.9	3662.6
0	1057.4	18.1	892	12240.3	2571.1	12774.4	990	2057.8	3954
0	626.2	20.2	1210.8	11220.4	2040.2	11821.4	812.2	1517.9	3471.4
0	557.3	16.3	361.2	10230.4	1943.3	10908	123.7	912.4	3240.7
0	838	23.5	1578.9	8220.5	2404.7	9103	1170.4	1518.2	3096.2
1	646.7	7.5	1046.6	7230.6	2874.1	8242.6	967.5	726.2	3791.2
0	591.9	6.6	120	6240.6	2806.1	7369.6	60	757.2	3759.3
1	596.7	31	678.8	4231	3129.2	5466	764.9	182.5	3819.8
1	144.9	8.5	30	48983.4	2321.7	8170.7	330	42.4	4028.6
0	200	9.8	330	48342.1	1704.7	6441.6	276.6	30	3985.2
1	305.3	12.7	0	46111.4	3136.4	1031	787.5	94.9	4232
0	361.6	14.1	371.1	41417.8	2658	2233.9	1082.1	752.4	3329
0	468.7	7.2	1200	38898.5	3391.2	4764.2	1293.1	912.4	3914.5
0	600	8.6	1744.1	38689.9	3507.4	5635.3	1539.4	1476.1	3697.1
0	359.5	19.7	1952.1	38505.6	3246.8	6540.3	2239	1425.2	3146.1
1	247.1	19.5	1230	38207.7	1698.1	8436.6	1152.6	797.1	4061.8
1	990.1	32.5	1622.5	12270.9	1946.5	13146.7	1686.7	2840	4644.6
0	737.3	10.8	1477.3	11253.7	1158	12222.8	676.8	2305.1	3725.1
0	738.7	22.2	424.3	9280.9	1590.3	10478.5	210	1888.1	3195.5
1	1062.5	24.1	997.2	7282.2	3428.5	8603.5	1224.5	1623.6	3107.1
1	480.5	4.8	699.7	3354.8	2459.6	4751.9	563.6	180	3835.2
1	530.2	3	4639.5	456.9	2060.4	662.7	30	30	3924.8
1	152.6	21.8	0	47692.8	1652.5	6842.4	480.9	30	2823.2
1	250	0	997.2	40089.7	1548.7	1050	948.7	751.8	3839.2
1	402.7	9.1	1315.2	37333.1	3102.2	7889	2569	1836.1	3602.1
0	350	0	1863.9	37195.6	2619.5	8788.4	1959	823.8	3918.7
1	273.3	19.3	2631.8	36938.2	3234.4	11604.1	1447.8	362.5	3167.6
1	669	10.3	1376.4	22310.2	2497.2	20216.7	1240.2	912.4	4219.4
1	450	0	998.6	21323.9	3328.2	19793.3	618.5	30	3924.4
1	796.3	21.5	424.3	15356.7	4710.9	16304.4	1148.3	3824.1	3224.2
0	1185.2	19.2	2352.3	12385.1	1712.4	13595.3	2047.3	3699.9	3382.2
0	914.9	28.9	402.5	10403.1	313.2	11758.2	960.5	2821.4	3677.9
1	794.2	14	465.7	9431.3	1293.1	10797.7	635.7	2847.6	3304.6
0	650	2.9	108.2	4633	3846.7	5981.1	1318	1060.7	3818.2
1	686.5	28.2	990.5	3751	3098.3	5020.7	931.9	402.5	3046.1
1	150	0	402.5	50314.4	1176.1	14377.9	330	42.4	3834.1
1	250	11.6	297	47096.2	807.2	7481.1	108.2	30	3478.5
0	237.8	11.2	150	45848.2	1999.4	3703	721.2	67.1	4127
1	250	0	2071.5	44126.5	2598.2	3439	297	84.9	3880.7
0	150	2.3	474.3	44162	2431.7	1638.8	569.2	84.9	3821.5
0	384.8	7.1	60	41415.2	1830.2	5723.7	720.6	123.7	3746.8
0	400	1	442.9	36941.8	4230.4	5679.2	618.5	618.5	3915.9
1	632.6	27.5	60	36527.9	4373.2	7476.3	1966.5	2144.1	4508.2
1	326.1	23.7	2058.7	36099.1	3451.2	10102.7	2583.8	846.9	2836.8
0	434.5	15.9	1077.1	28376.5	1948.2	23374.3	967.5	755.4	3847.3
0	422.8	6.5	276.6	20424.1	4000.8	20313.2	180	108.2	3862.2
1	674.7	32.4	446	17459.2	6776.6	18514.4	342.1	1612.8	2402.2
0	1209	26.7	810.6	10627.7	1120.9	12021.2	1758	3833.1	2713.8
0	1050.9	33	429.5	5961.8	5233.5	7175.3	1295.2	2478.6	2881.5
1	751.7	28.6	308.9	4335	3877.4	5264.5	603.7	1391.7	4197.4
0	150	11	0	46170.5	666.1	7322.6	402.5	42.4	3797.9
0	178.7	35.3	42.4	45825.4	595.5	6337.7	429.5	84.9	2332.7
0	270.7	19.3	1025.3	36239.5	3122.3	4931.1	1355.7	295.5	3144.8
0	369.7	23.2	566	35980.2	4141.7	5949.2	1597.1	823.8	2853.5
0	453.9	9.1	210	35555.1	3476.5	7891.8	1827.8	1710.3	4225.1
0	498.2	3.2	1848.4	35114.4	3344.6	10578.1	1850.5	1800.5	3915.6
0	466	19.2	1835.6	34960.4	2850	12343.3	1913.7	1544.3	3021.9
1	393.7	23.5	1848.6	29475.2	1614.7	23646.9	1355.3	551.5	2889.8
1	583.4	12.7	1448.1	27513.5	3088.7	23943.7	1364.6	1326.1	3814.6
0	377.9	11.1	400.2	22564.3	1994.7	22005.2	60	123.7	3476.8
1	621.3	15.4	732.4	20587	3982.2	21161.7	658.6	458.9	3693.8
1	821.2	32.6	1251.8	17649.5	6972.7	18930.9	1261.8	1341.6	2818.6
1	845	25.9	670.8	16685	6064.2	18048.2	658.6	2352.3	2856.7
0	931.9	31	67.1	5733.2	5256.2	6390.8	318.9	2163.3	4272.2
1	820.4	35.5	551.5	5043.7	4736	5428.3	268.3	1176.1	2550
1	156.5	8.9	390	42111.6	1020	3878.5	1081.7	241.9	3737
1	300	0	600.7	34991.1	4164	6091.5	626.4	947.3	3882.3
1	390.3	22.8	1337.9	34100.2	2446.2	11003.1	924.2	1087.1	4240
1	288.7	18.6	913.9	33900.1	1321.4	14597.2	127.3	429.5	4055.3
1	396.6	24.8	2448.4	34141.1	1920.9	18258.6	2220.2	892	3152.7
1	629.2	18	2485.7	34272.6	993.6	19187.3	2443.1	1332.2	3223.2
1	503.9	19.2	1867.2	34577.5	1209.3	22228.4	1422.7	642	3110.9
1	275	7.1	1597.6	33597.8	1655.2	22607.9	1339.3	805	3537.4
0	327.3	22.1	984.1	32589	1950	23037	1324.4	618.5	3280.1
0	576	24.5	2324.2	27675.4	3131.8	24888.5	2281.8	2083.9	2806.7
1	407.6	11.2	2073.5	26672.1	2131.9	24503.1	2070	1783.2	3551.9
1	611.7	34.5	360	24728.3	517.9	23754.2	400.2	834.1	2688
0	549.9	5.8	1328.2	22761.5	1986.6	22938	42.4	30	3549.9
1	717.1	20.4	284.6	19842	4946.4	21184.7	2066.5	558	3297.3
0	1081.7	24.9	1266.1	17900.9	6948.7	19292.8	2063	1508.7	4117.2
0	765.9	31.7	882.3	16005.3	5633.1	17386.2	778.3	3413.4	2231
1	706.3	38.6	241.9	15037.3	4812.9	16393.3	247.4	4384.6	2881.7
0	891.1	32.5	240	14104.8	4103.4	15427.8	361.2	5392.4	3882.9
0	700.4	8.7	446	5355.6	5366.1	4863.4	108.2	474.3	3959.3
0	572.6	7.8	920.3	4851.6	5251.4	4032.1	530.8	108.2	3868.8
1	146.4	15.5	210	41252.2	2482.9	5779	371.1	30	3182.5
1	206.1	12	375.9	41589.2	1195.5	2101.1	42.4	30	3649
0	335.2	14.1	543.3	34599.6	2660.5	4569.5	973.5	924.2	4301.1
1	191.6	6.3	276.6	33583.1	1955.8	8258.5	384.2	30	3882.7
1	300	1.5	67.1	32917.2	2738.6	14115.3	30	1060.7	3801
0	289.4	23.5	1189.8	32926.7	2015.6	15930	840	301.5	2769.2
0	386.5	17.3	2388.3	33052	2895.3	17730.4	2670	60	3518.5
1	546.8	22.9	3262.4	33158.3	1928.7	18632.9	3210.1	859.1	3511.5
0	500.6	20.8	3416.6	33293.7	1008.5	19543.9	2605	1788.5	3272.5
0	274.7	9.6	3270	33463.3	531.6	20490.2	1597.1	835.7	3777.9
0	622	6.9	2401.7	33756.1	2468.9	23517.7	2308.2	1733.3	3690.8
1	648	24.8	2624.3	27867.4	3127.1	25804.3	2476.2	2308.2	2878.4
0	916.7	15.4	450	20108.9	4943.4	21496.6	2220	1506.6	3646.6
0	849.3	3.8	84.9	19164.3	5929.5	20531.8	3210	1537.3	3823.9
1	1048.1	36	617.7	18196.2	6946.6	19526.5	2421.7	2057.8	3851.3
1	951.8	19.2	1050	15387.7	5501.1	16580.3	952.9	4668.5	3320.5
1	950	1.7	1026.2	11799.5	4091	12700.8	60	6822.9	4182.3
0	1002	3.6	1899.7	10952.3	4279.1	11749.7	60	6833.8	4218.7
0	1527.7	29	1540.6	9319.2	5247.5	9842.2	1358.3	5485.7	2779.9
0	1084.9	30.8	636.4	6701.9	6593.5	6249.4	60	1637.7	2486.1
0	851.5	16.7	1291.4	6234	6338	5420.8	758.9	900.5	3417.7
0	279.7	20.7	560.4	32261.3	365	10473.5	123.7	276.6	2941.3
0	360.5	17.4	750	32031.5	2370.8	12395.7	757.2	695.8	3285
1	300	6.1	67.1	31964.2	3360.5	13351.9	924.2	1273.1	3718.9
1	559.5	22.7	351.1	31927.5	3529.8	14312.8	899	1549.9	4065
0	409.5	24.6	134.2	31920.1	3115.4	15306.6	872.1	1141.6	2974.1
1	299.1	6.8	1025.3	31985.1	3209.3	17244.6	2066.5	313.2	3564.4
0	619.1	8.8	2991.7	32175.9	2389.5	19051.4	3570.5	1166.9	3730.5
1	330.4	18.3	3894.2	32490.2	1507.5	20871.5	1561.2	1041.4	4068.1
1	188.2	5.9	4161.3	32689.3	1884	21780.2	573.1	318.9	3636.6
1	197.3	1.8	4018.8	32917	2605.2	22695.7	390	42.4	3799.9
0	727	24.1	2447.5	27105.1	2538.9	26335.4	2473.9	3202.1	3348.6
0	878.2	34.6	543.3	25194.7	1472.8	25574.4	690.7	2423.3	3932.8
0	1058.8	16.8	108.2	20420.3	5134.9	21686.9	2430.7	2367.7	3736.8
0	1184.3	25	1314.9	14907.4	5744.1	15856.9	1036.2	5988.6	2897.3
1	91.5	28.5	150	40752.2	1100.6	2876.6	189.7	30	2515.6
1	218.1	25.3	986.8	31615.9	1868.9	9033.6	429.5	42.4	2738.5
0	452.6	24.1	603	31119.5	1656.5	11754.5	931.5	1295.2	3234.9
0	492.5	21.8	450	31015.1	2557	12707.7	1402.6	1574.9	4411.5
0	710.2	15.9	670.8	30945.6	3494.5	13642.1	1931.5	2006.6	3487.8
0	789.8	13.3	212.1	30900.1	4106.8	15560.4	1841.8	2130.8	3562.6
0	576.1	21.4	1060.2	30967.3	4178.5	17470.2	2694.8	1223.8	3019.3
1	459.1	20.8	2030.5	31051.1	3804.3	18459.9	3470.3	1328.8	3526.5
1	611.8	22.5	2580.7	31164.3	3132.1	19423.4	3540	1905.4	3786.7
0	836.8	31	2639	31308.3	2666	20389.4	2550	2436.5	3604.6
0	257.3	10.9	4278.3	31928.9	3299.6	23095.3	60	509.1	3448.7
0	485.5	22.1	2219.4	31688.4	4259.8	25766.3	1344.7	2235.8	4264.7
1	939.5	29.3	2520	27381.4	3238.1	27280.6	2688.8	3041.7	4736
1	1079.8	32.9	540	25491.8	2491.6	26497	1504.8	2846	3874.3
0	1304.5	20	174.9	20785.7	5514.2	21915.7	1840.5	2832.1	3322.4
0	1311.6	17.2	742.2	19873.3	6413.1	20957.6	1591.1	3479.2	3428.1
0	1405.1	26.5	2512.1	10699.9	6926.6	10702.2	276.6	6091.2	3139.9
1	295	26.1	870	32483.3	1706.6	3428.1	660	284.6	3258.6
0	237.7	16.4	573.1	32101.4	2136.5	4438.8	318.9	169.7	3189.3
0	300.2	18.9	553.2	30273.9	1611.4	11273	484.7	450	3272.7
1	469.7	29.6	446	29957.1	3884.9	13989.3	2296.5	2151	4161.4
1	399.5	9.1	94.9	29918	4767.1	14909.1	2826.1	2468.4	4005.5
0	783.5	28.8	577.1	29928.4	5012.2	16801.2	3066	2479.1	3556.3
0	543.3	23.5	1842	30066.1	4521.3	18717.9	4115.6	2278.8	2977.7
1	624.4	21.3	1666.3	30331.7	3616.2	20623.3	2649.7	2798.9	4447.4
0	413.1	12.9	2147.7	30517.7	3513.2	21610.2	1690.9	2015.4	3411.4
0	289.1	7.2	2895.6	30729.6	3690.5	22570.8	872.1	1489.5	3584.2
1	519.5	21.5	3851.4	31252.1	4716.2	24358.3	1465.1	1603.8	3576.8
1	278.7	17.5	589.4	30826.1	3530.6	5604.5	488.4	664.1	3090
0	750	0.1	1821.9	28991.9	5935.2	18065.3	3319.6	3200.3	4072.5
1	741.5	14.9	1106.8	29081.4	5326.6	19024	3576.9	3241.8	3853
0	755.9	25.1	740.9	29355.9	4583.3	20901.6	3062.5	3415.4	3814.2
1	482.3	21.4	2481.3	29766.9	4642.2	22578.9	1745.7	2447.5	2987.7
0	582.6	13.6	2568.5	30016.8	4978.6	23009.5	1695.5	2397.2	4052.6
1	675.3	22.1	2987.1	30305.9	5493	23488.6	2170.4	2588.5	2994.3
0	1200	20.8	3629	30616.5	4912.4	23986	2864.5	2858.2	3690
0	729.4	21.2	3388.4	30637	3965.7	24513.2	2066.3	3311.6	3200.3
0	583.2	21.8	2456.5	30043	3019.4	25085.8	1230.4	2401.9	3274.2
0	441.1	17.7	1654.6	29488.7	2166	25668	666.1	1539.4	3143.4
1	306.1	14.9	997.2	28957.7	1492.2	26274.7	469.6	831.9	3512.8
0	774.8	25.5	1592.3	27062.9	3515.3	25608.8	834.1	2508.9	2950
0	324.1	15.9	351.1	29533.8	3804.3	6851.2	576.3	1020	3413.9
1	254.9	22.4	597.7	29216.1	2858.2	7826.8	483.7	603.7	3633.9
1	180.6	14.8	276.6	28690.9	1368.5	9722.3	573.1	120	3629.6
0	605.1	18.9	2135.9	27900.1	6185.1	16602.4	2353.4	1865.1	4025.1
1	715.5	33.8	720	28067.3	6212.3	19387.3	2665.1	4217.3	4376.5
1	790.4	16.8	241.9	28192.4	5824.9	20306.8	3288.7	4484.6	3546.7
0	567.7	19.3	1599.3	29035.4	5916.7	22104.7	2698.3	3379.2	3056.7
0	908.6	22.8	3861.2	29822.2	3759.7	23666	2593.6	3760.9	4126.8
0	732.6	23.3	3076	29211.6	2743.3	24258.5	1782.4	2940.2	3018.9
1	520.8	9.4	2418.3	28641.2	1760.8	24860.1	1129.3	2010	3553.4
1	751.8	30.8	1113.2	26139.1	3281.1	24687.6	624.3	1719.4	2488.6
1	125	4.6	210	36119.3	2441.8	2820.6	1572.1	67.1	3674.9
0	369.4	23.2	750	28946.7	5098.7	6074.5	403.6	895	2986.7
1	554.2	18.7	403.6	28272.2	3403.6	8021	1027	1374.1	3141.7
0	588.8	19	523.9	27083.4	7106.5	19199.4	1889	3579.9	3109
1	980.6	16.7	1432.8	27583.9	6511.7	20339.2	3978.6	4658.1	3439.6
0	498.7	3.2	3118.4	27829.7	1883.1	24091.4	384.2	2191.6	3971.1
1	392	6.2	2466	27266.4	1039.7	24736.8	67.1	1298	3813.7
1	430.2	18.2	1866.8	26711.9	769	25304.2	523.9	725.6	3122
0	2036	14.6	371.1	22603.7	8136.1	20711.2	926.6	6122.6	4758.3
0	1716.3	38.3	692.6	21767.7	8770.3	19760.9	1800	6571.4	3233.3
0	426.4	19.8	1200	28027.7	5266.8	6268.6	948.7	1148.3	3072.6
1	301.7	15.2	890.4	26769.4	3265.6	10182.8	939.1	914.4	3540.4
0	276	10.7	670.8	26532.9	3237.4	11168.8	283	391.2	3574.9
0	506.4	22.4	1494.6	25974.4	3641.9	15069.3	1182.2	1361.9	3250.4
0	533.5	25	2222.8	25929.2	3958.4	15761.3	1056.8	1739.5	2750.6
0	358.9	17.8	1281.6	25920.1	4494.2	16413.7	740.9	1897.4	3822.4
0	668	20.4	484.7	26234.5	7609.4	18659.2	1816.2	3649.8	3188.6
0	718.6	25.6	859.6	26619	7501.5	19442.6	3585.2	3743.6	3936.8
0	1010	26.5	3514.6	28173.2	4121.5	22063.1	2087.5	4423.9	3600.2
0	758.4	21.2	4518.5	27633.7	3221.3	22697.5	1084.2	3531.6	3166.2
0	559.5	20.8	3856.5	27030.1	2439.6	23339.4	276.6	2685	3001.6
0	549.9	23.8	3282.5	26449.7	1867.2	24005	845.3	2022.5	2909.4
1	534.1	17.7	774.2	24849.7	2826.1	23421.4	201.2	641.3	3616.6
0	550	20.1	0	24366	3690.1	22923.5	454	1276.3	3872.3
1	816.2	31	900	23925.8	4590.4	22474.1	1033.2	2221.2	4605.3
0	747.7	30	228.5	18457.2	6240	14685.7	134.2	4809.8	4094.7
1	334.7	26.1	685.4	27086	4653.9	6407.7	750.6	844.8	3946.9
1	366	32.7	480.9	25537.4	4146.7	11254	690.7	766.6	2916.5
0	326.8	13	742.8	25042.7	2564.3	13763.6	108.2	1328.8	4206.3
0	551.6	9.6	1760.8	24909.6	3070.3	14974.8	123.7	924.2	4317.6
1	278.6	20.6	892	24900.1	3735.7	15660	685.4	998.6	4083.3
0	365.6	20.1	408	24983.4	5356	16977	295.5	1497.9	3345.6
1	508.8	19.2	241.9	25405	8120.8	18087.5	2490.7	2706	3709.6
0	546.6	20.2	335.4	25626.8	8521.3	18528.8	2571.3	2762.1	3243.7
0	590	20.9	270	25878.8	8207.3	18999.6	2626.7	3053.1	3735.3
1	696	17.8	1578.9	26497	6347.1	20072.2	3670.4	4225.7	4536.2
0	567.5	9	2958	25030.3	2743.3	23644.9	842.1	2254.6	3627.4
1	778.3	23.8	1236.9	23965.9	3537.7	22546.7	1203.4	1624.4	4141.7
1	1342	31.5	2333.5	21833	7756.3	20371.9	1950.9	5379.7	3749.2
0	864.5	12	0	20407.1	6020.7	17311.3	2349.4	5258.6	4426.1
1	1159.3	19.8	924.2	19674.3	5593.6	16345	1816.2	4681.9	4368.4
0	595.4	11.2	240	18261.2	5220	14393.1	120	3853.3	4153.7
0	677.4	10	276.6	17605.2	5313	13438	842.1	3692	4081.2
0	1313.1	26.7	1597.9	15193.1	7229.2	9632.4	1679.2	5325.6	4762.7
0	694.2	12.4	957.2	13124.3	6979.4	4333.8	794.3	2696.7	4331
1	199.9	1.6	379.5	32930.7	1583.2	6466.9	127.3	94.9	3806.5
1	280.6	22	594	25793.1	4938.7	7149.6	902.5	642	2855.5
1	582.2	24.4	84.9	24828.3	4564.8	9961.6	1981.1	2170.4	3415.3
1	212.6	9.3	1560	24058.6	1583.2	12960	534.1	658	3916.1
1	369.5	13.1	941.5	24105	5938.6	16433	878.2	1849.8	3907.8
1	700.2	16.1	2013.6	25936.3	6025.4	19870	3816	4526.4	4454.7
1	796.8	29.8	3635.9	24830.5	3794.9	22579.8	2066.5	3628.5	3222.5
0	702.9	18.4	3449	24220.4	3729.8	22848.3	1757.8	3207.1	3257.9
0	923.6	34.5	2588	23655.3	3927.6	22264.3	1570.4	2779.7	2370
0	907.6	33	1855.4	23118.7	4347.5	21709.8	1950	2642.7	2420.3
0	1121.6	34.3	1081.7	22598	4952.9	21171.8	2455.2	2863.9	3822.1
0	858.6	5.5	362.5	21685.4	6434.4	20233.5	3120.6	4087.1	3929.8
0	1615.3	33.7	721.2	20054.2	7341.2	18604.3	982.7	5968.9	2845
0	861.2	19.2	0	19722.2	5814.9	18107.9	1736.1	5130.8	4447.7
0	497.1	3.5	351.1	17543.6	4230	14173.8	283	2891.5	4071
1	1003.1	21.4	403.6	16186.7	4683.3	12205.6	1957.6	2799	3447.9
0	860.7	40.9	271.7	12362.1	7130.8	4751.2	870	2401.7	2194.2
0	573.9	10	308.9	12150.1	6311.3	3949.3	120	1860.2	3971.1
0	549.7	9.4	934.3	12006.3	5579.4	3046	737.9	1328.2	4219.3
1	225	8.1	169.7	31565	3482.3	7291.7	524.8	134.2	3782.8
0	412.2	22.6	1320	24876.9	4605.8	6802.6	926.1	787.5	4377.7
0	652.1	20.1	1355.3	24501.4	5601.1	7780.4	1803.2	1615.5	3179
1	544	4.3	241.9	23392.9	2350.2	11006.1	2392.9	1221.2	3978.9
1	246.5	8.1	666.1	23010.6	4744.4	15174.9	108.2	742.2	3548.6
0	388.2	6.9	451	24289.3	8230.8	17866.1	1717.4	2289.7	3878.3
1	850.7	17.2	1699.2	25440.3	6020.5	19765.1	3870.1	5198.3	4484
0	1105.5	30.2	2988.3	24691.4	5021.1	21180.3	3270.6	5004.6	2744.5
0	864.3	13.8	2659.4	23424.4	4717.7	22067.4	2675.6	4092.6	3643
0	944.7	14.1	914.4	21251.5	6350.7	19818.3	3573.1	4208.8	3477.5
0	965.6	16.9	457.9	20795.4	7053.1	19347.4	3270.6	4786.6	3451.6
1	1221	37.1	384.2	20359.7	7842	18904.2	2250.8	5483.5	2362.2
0	776.4	9.8	134.2	18739.2	5139.8	17258.4	780	4226.2	4278.7
0	657.7	7.4	108.2	18644.7	4415.6	16982.4	416.8	3814.2	4100.9
0	667.7	30	496.6	18375.4	3812.8	16018.3	390	3130.5	4326.2
1	705	19.4	0	15444.2	3812.8	12027.9	2364.5	1878.3	4235.3
1	887.7	31.8	678.8	13534.8	5394	9067	766.6	4185.5	3383.8
0	815.9	7.8	84.9	12987.2	5891.4	8096.2	30	4878.3	4278.2
1	535.8	22.4	323.1	11178.8	5736.9	3360.1	182.5	1008	3712.7
1	92.9	17	301.5	32219.8	2573.9	5792.8	456.9	30	3081.2
1	168.2	2.4	566	28106.6	930.5	573.1	212.1	30	3755.9
1	704.1	24.1	429.5	23548.7	5490.7	7450.9	1266.1	1447.8	4276.5
1	624.3	11.7	67.1	22899	4313.5	9018	3224	2418.7	4368.7
0	431.7	27.1	617.7	23006.8	7686.1	16461.7	774.2	1120.1	2605.7
0	465.9	15.7	469.6	23329.2	8077.1	17047.5	1681.3	2105.4	3297.7
0	672.8	12.7	295.5	24095.9	7086.9	18344.1	3657.8	4112.7	4353.1
0	923.9	19.5	1265.7	24525.3	6767.5	19028.3	4410.1	5102.2	3873
0	1060.3	16.7	1669.8	22620.2	5736.4	21281	3660.7	4991.6	3377.7
0	1400.7	33	2335	20873.8	6597.4	19470	4188.2	4751.5	2529.8
0	1145.1	24.8	1812.2	20361.7	7140.1	18938.7	4293.8	5087.4	3167.5
0	1238.5	43.7	976.7	19885.7	7771.4	18445.4	3304.9	5574.8	2260.1
0	915	11.8	30	17887	5479.8	16443.6	1353.7	3770.1	4220
0	514	4.7	134.2	17582.6	2994.7	15684.8	256.3	2424.1	4047
0	439.5	5.3	30	15434.3	2430.7	12922.5	1263.2	700.4	4058.2
0	721	15.8	335.4	14701.1	2994.7	11928.3	2160.2	1087.1	4360.1
0	652.5	7.1	123.7	12716.5	4496.8	8934.4	67.1	3478.1	4168.3
0	1002.7	29.5	699.7	12132	5082.8	7947.5	615.5	4107.8	3465.3
1	836	13.3	715.6	11123.4	6577.3	5946.7	360	3216.7	4454.1
0	804.1	15.4	60	10730.6	6007	4964.1	0	2281.8	4276.6
0	731.1	30.7	1050	10417.4	5455.1	3985	635.7	1376.4	3369.3
1	313.2	19.8	308.9	28007.9	1931.5	1994	394.6	123.7	3065.1
0	848.3	25.1	1356.7	22402.4	7298.6	16274.8	2167.5	2226.5	3115.7
1	681.1	9.3	1020.4	22788.4	6681.4	16945.4	3007.2	3179.7	4308.8
0	1394.8	30.3	787.5	21857	6000.1	20537.4	2858.8	5948.3	2626.4
0	1486.9	23.2	1533.2	19510.3	7956.5	18099.2	4330.8	6028.8	3157.4
0	1526.9	33.7	1320	19013	7513.8	17582.3	3420.1	5727.2	2684.9
0	1204	13	845.3	17410	5336.5	15949.4	362.5	4126.1	3866.7
1	826.4	35.3	920.3	16640.1	3242.4	15055.9	523.9	1972.3	2725.6
1	578.5	27.5	644.1	16592.7	2356.5	14832.3	283	1714.2	3674.5
1	461	23.6	450	16349.1	1578.9	14391.5	150	1033.2	4228.7
0	558.3	5.8	67.1	11952	3687.6	8906	153	2675.9	4103.3
0	647.4	6.6	234.3	10240.6	5997.1	5917.6	201.2	2924.8	4169
0	625.7	29.1	1055.1	9469.1	4620.9	3941.4	1281.6	977.2	3285.4
0	892.7	20.4	914.4	14294.7	2825.3	5997.1	2528.7	934.3	3226.8
1	66.6	11.1	127.3	30372.3	4274	7772.1	300	67.1	3352.6
1	94.6	4.1	456.9	28612.7	2460.2	5008.9	180	42.4	3906.3
1	359.8	25.5	182.5	22139.6	4853.1	5435.3	174.9	218.4	4166.1
1	534	19.7	342.1	21345	5361.5	6926.6	2110.5	1746.5	3166.4
0	274.7	7.2	1755.7	20821.4	5525.9	14275	844.8	276.6	4000.8
1	493.1	13.9	2318.4	21481.3	6577.3	15526.7	2821.4	2052.3	4318.1
1	563.1	24	1963.8	21883.6	5884.9	16228.2	3588.1	3018.7	2960.2
0	626.6	10.2	1695.5	15653.2	3009.6	14101.4	594	1090.4	3884.4
0	480.9	11.4	517.9	11901.1	2280.8	9376.2	268.3	1279.1	4099.1
1	499.1	18.5	342.1	11209.9	2989.2	8442	579.4	1909.2	3797.3
0	744.7	27.1	134.2	8530.2	3861	3891.3	1920.9	888.4	3918.5
0	606.2	19.6	742.2	12898.9	1429	4803.7	1134.1	182.5	3039.4
0	1186.6	32.9	483.7	14281	3114.5	5500.2	1592.5	424.3	4458
0	1034.7	23	349.9	15014	4054.9	6062.7	606.7	780	3161.2
0	987.2	16.9	699.7	15775.1	5014.4	6724.6	120	1654.6	4645.5
1	95.8	18.1	67.1	27297.6	1046.6	5953.1	960.5	67.1	3269.6
1	325	0	872.1	28710.5	1485.5	1497.9	271.7	240	3917.5
0	389.6	28.3	90	21690.9	4536.4	4026	975.8	1518.2	2654.6
0	545.2	21.6	810	21225.1	5058.3	4852.3	752.4	953.4	2977.3
0	358.5	15.5	1214.9	18912.6	3024.1	10411.4	844.8	644.1	3307.4
1	382.6	24.6	1462.6	19329.1	3529.4	12307.2	699.7	540.8	2730.8
1	590.5	35.7	1295.2	19560.5	4087.1	12851.4	1124.5	957.2	3528.3
1	325	6.9	1656.8	20172.1	5599.7	14106.3	2140.3	1087.5	3620.1
1	713.4	25.2	2206.6	20959.3	5135.2	15520.8	3997.2	3003.9	4060.8
1	915.1	10.4	617.7	19692.1	4819.2	18369.5	947.3	4847.9	4377.4
1	422.8	30.4	1140.4	14637	2698.3	13123.6	201.2	174.9	4458.9
0	441.7	10.6	725.6	10458.6	2486.2	8063.8	1090.8	939.6	3877.8
0	863	21.4	1440	9791.3	3434.3	7131.5	1591.1	1536.7	3910.1
0	525.8	27.9	450	9138	4266.4	6217	603	1180.7	3735.6
0	637.7	23.5	496.6	8521.1	4539.6	5303.3	335.4	1138.4	3776.3
0	851.1	21.1	680.1	7576.5	3212.1	3635	1294.2	1025.3	4181.7
1	775.5	16.9	90	14366.2	3901	5303.5	551.5	649	4015.9
0	893.8	16.8	67.1	15159.9	4890.8	6049.1	0	1571.8	3878.6
1	66.2	16.9	30	26134.9	2490.7	7325.5	1081.7	30	3248.6
0	176.6	10.3	335.4	26204.7	1501.2	6439.9	1410	339.4	3434.7
1	200	0.4	831.9	26315.4	483.7	5499.3	390	216.3	3851.2
1	628.2	12.1	362.5	20347.1	4201.9	4224	1706.6	1795.2	3892.7
1	711.3	8	228.5	19886.2	4838.3	4688.5	2089.3	2100.2	4271.7
1	518.3	33	956.7	19115.5	3660.7	5762.9	2372.3	1140.4	2382.2
0	189.4	20.3	1484.9	18786.1	2675.6	6474.2	1484.9	270	3685.9
1	224.3	8.2	1636.9	17923.3	2561.4	9614	600	394.6	3900.7
0	738.3	32.1	1230	20071.2	4510.1	14868.9	3988.3	3313.9	2858.9
0	1103.8	35.3	570	17022.1	6582.8	15662.7	3075.8	3800.1	3765.8
1	754.7	18.4	60	15418.5	4080.1	13980.7	408	2121.3	3612.5
1	736.7	28.3	169.7	14979.3	3276.7	13526.1	182.5	1860.2	4534.7
0	769	9.3	228.5	14579.7	2588	13119.6	256.3	2093.1	4382.9
1	546.8	5.8	540.8	14251	2183.4	12790.6	483.7	1566	3947.5
0	436.7	24	192.1	13779.9	2622.6	12342	241.9	283	3662.6
0	419.2	16.2	1152.6	9776.1	2344.8	7807.4	1256.1	182.5	3855.6
0	882.2	18.8	429.5	14606.1	4095.9	5496	474.3	1288.3	3751.9
1	674.7	16.5	360	18571.8	4563.6	4367.3	3126.1	1805	4133.6
0	320.2	26.9	2083.9	16934.1	2436.7	8635.9	1031	488.4	3473.3
0	398.6	26.9	254.6	17654.7	2875.6	11291.5	966.1	1061.5	2837.8
0	573.3	24	108.2	17972.5	3833.4	11985.6	1805	1879.5	3690.1
0	656.3	20.6	234.3	18994.2	2762.6	17649.6	349.9	2635.9	4392.5
1	816.8	40.8	169.7	16239	5889.9	14903.8	2176.8	2817.1	3162.5
1	656	29.2	123.7	14549.4	3662	13125	254.6	1340.6	4598.8
0	501.5	22.9	134.2	14087.2	2738.6	12639.7	630	870.5	3456.3
0	569.6	10.1	67.1	13661.6	1860.2	12203.6	67.1	1272.8	4256.5
1	413.5	21.4	469.6	12804.6	1908	11363.5	182.5	241.9	4109.5
0	597.5	14.1	997.2	7658.7	2652.4	5698.6	618.5	823.8	3433.9
1	569.3	4.4	666.1	12406	2507.1	3288.1	450	618.5	3950.2
0	1302.1	3.2	90	17723.1	4790	8960.6	3409.1	4538	4091.7
1	75	3.9	0	25552.3	4691.1	12211.3	1005.8	94.9	3686.4
0	532.3	12.7	150	18093.7	3652.2	2952.2	2919.3	1206	3661.3
1	235.4	10.8	1517	15900.1	2343.1	7883.8	1170	655.2	3688.6
1	361.8	31.5	474.3	16679.7	2642.7	10543.2	540.8	699.7	2472.7
0	629	20.2	690	17015.7	3662	11283.4	810.6	1504.8	3800.8
1	730.9	26.4	912.4	17817.2	4770.7	12830.4	1959.2	3442.7	2914.4
0	634.8	22.8	161.6	19956.3	900	16171.1	1785.2	2379.3	3494.4
1	686.4	26.6	646.2	19129.1	1370.8	16982.5	483.7	1630.2	3257
0	495.7	6	174.9	18330.2	2343.1	16699	120	1679.2	4141
1	708.7	38.6	216.3	17576.6	3314.3	16231.4	308.9	2227.5	4496.4
0	853.3	37.9	1166.9	16125.6	5307.5	14795.1	1540.6	1907.1	4492.6
1	595.5	24.2	212.1	14215.3	3745.3	12840.6	488.4	2043.5	4299.2
1	607.2	17.3	626.4	13671.1	3193.1	12264.4	30	1027	4457.1
1	415.2	8.2	127.3	13178.8	2492.9	11743.6	60	60	3802.4
1	445.6	20	67.1	12726.9	1474.9	11273	161.6	560.4	4298.4
1	401.1	6	615.5	12349.1	494.8	10888.3	360	375.9	3982
1	537.5	28.4	480	11852.2	2736.4	9540.8	271.7	218.4	2578.8
0	799.3	14.1	212.1	13634.6	2101.1	4824	1100.6	900	3674.2
0	1131.1	26.6	276.6	14563.5	2172.7	5834.6	2096.1	1690.9	3945.1
0	1257.5	28	579.4	15476	2647.1	6818.1	3077.7	2649.7	3003.4
0	1305.6	29.4	676.8	16397.6	3354.8	7803.3	4044.2	3612.5	2728.7
1	93.3	7.4	451	23139.4	1938.9	6225.7	270	94.9	3535
1	156.3	13.5	1530	16332.9	4188.2	3624	1484.3	446	3682.1
0	740.9	32.2	2712.8	14926	3114.5	6660.9	2388.7	2016.9	3085.5
1	254.5	10.5	1350	15048.9	941.5	7863.1	254.6	931.9	3404.8
1	304.1	22.6	684.1	15450.3	1865.3	9143.1	606.7	670.8	2885.9
1	370.4	19.5	295.5	16094.5	3762	10651.1	150	1442.5	3019.2
1	614.7	31.7	201.2	17980.8	2766.8	13941.2	2712.8	2052.3	2332.4
0	408.1	7.5	42.4	17718	2324	15742.3	150	785.2	3951.8
1	747	26.2	720.6	16937.3	3300.8	15509.5	606.7	1307	3940.5
1	691.2	19.8	577.1	14725.9	4813.9	13396	774.2	810.6	4417.6
0	611.6	20.4	523.9	13416.7	3060.1	12069.1	313.2	2111.5	3039.4
1	818.4	27.3	360	12838.7	2352.3	11454.3	833.5	1443.1	3417
0	473.6	19.6	161.6	12313.2	1911.1	10894.8	523.9	642	2964.5
1	714.9	18.2	1307	10878.8	2197.4	8550.8	742.2	912.4	3608
0	675.9	23.2	1302.5	13920.1	2529.4	6031.2	1790.5	1288.6	3590.7
0	664.9	22.8	1123.3	15181.9	4105.5	10076.5	1140	1972.9	3033.8
1	782	22.9	660	16075.1	4626.2	11715.4	2105.4	3084	2890.7
1	464.8	33.2	990.5	16332.9	3573	14542	1018.2	366.2	4294.8
1	404.4	22.2	381.8	15545.7	4496.8	14191.6	123.7	540.8	3752.8
1	590.6	32.1	442.9	13326.2	3558	11997.2	550.7	976.7	2615.5
1	820.2	26.5	998.6	12645.2	2581	11331.7	1252.8	1958.3	4007.6
0	710.8	33.6	297	12030.1	1682.4	10674.5	536.7	1608	2608.9
0	499.8	30.2	60	11467.7	979.5	10071.8	256.3	630.7	4264.3
1	427.1	3.4	351.1	9604.7	1772.8	8090	60	240	3863.4
1	515.1	24.8	764.9	9624.8	937.2	7785.4	469.6	247.4	2977.2
0	598.4	12.3	510.9	11039.4	2341.7	2988.7	361.2	618.5	3624.7
0	641.9	9	324.5	11972.5	1353	3944.1	120	989.5	3902.6
0	848.7	18.8	335.4	12914.1	371.1	4907.2	1025.3	1440.6	3806
0	648	29.2	530.8	13849.6	3906.9	8669.4	2220	1650	4628.4
1	709.8	18.8	150	14252.5	4229.5	9503.9	1719.4	2510.2	4568.9
0	647	33.7	212.1	15763.7	3683.5	12088.2	1752.4	1708.2	4431.6
1	517.1	37.2	848.5	16352.8	3674.8	12980.3	1281.6	1077.1	2190.6
1	450.6	10.8	720	8676.4	2627.2	7245.4	189.7	384.2	3518.3
0	723	40	551.5	8607.7	670.8	6799.4	636.4	1065.3	1996.1
0	616.5	3.6	30	11685.4	1639.3	4260.1	30	339.4	3933.8
0	696.1	7.8	241.9	12648.4	997.2	5189.3	361.2	787.5	4180.3
1	1056.8	26.1	611.9	13644.6	1140.4	6157	1380.3	1756.5	4468.5
0	50	0	547.4	20844.2	1224.1	7728	335.4	30	3791.9
0	450	10	30	12932.5	4160.5	8104.4	1871.8	1290.3	4152.7
1	717.5	18.4	390	13840.2	2885.3	9847.7	324.5	2462.9	4050.9
0	425.5	5.2	468.6	15844.1	2971.4	13237	810.6	335.4	3848.4
0	477.6	25.4	966.1	15502.4	2526.1	12874.1	812.2	792	3735
1	974.3	40	153	10484.8	1836.6	9158.3	721.2	1682.7	2681.1
0	646.4	33.6	254.6	9834.4	1225.6	8511	941.5	737.9	3777.4
1	411.2	5.9	0	9227.6	1274.6	7848.8	30	67.1	3769.2
0	468.8	37.6	390	7925.1	3159.3	6465.6	531.6	577.1	2003.3
1	653.3	25.9	939.1	7595.9	1776.1	6212.6	342.1	1143.5	2866.1
1	692.7	14.2	600	7755.6	1235.5	5617.8	570	660.7	4271.9
1	625.2	0.8	0	11486.7	2347.1	4624.4	174.9	361.2	4032.6
0	797.1	9.5	300	13474.8	2030.3	6490.1	1716	1726.8	3889.2
0	1023.6	21.7	295.5	14456.3	2531.6	7415.8	2580.2	2740.5	3086
0	317.7	33.7	420	11108.9	3347.1	5079.2	394.6	271.7	2351.2
0	381	30.4	600	11340.6	3245	5911.2	323.1	469.6	2499.4
1	584.9	14	180	11646.8	3444.8	6739.9	807.8	882.3	3541.5
1	697.8	17.9	937.7	12027	3622.4	7607.3	1651.1	1100.2	3325.6
0	675	1.8	483.7	12998	2034	9442.8	150	1734	4015.9
0	590.7	15.6	840.5	14563	1596.8	11941.7	1671.4	1614.7	3323.6
0	644.1	19.6	241.9	9085.6	2177	7761	560.4	1103.9	3906.2
0	603.7	21.2	189.7	8425	2204.9	7091.4	379.5	720.6	3099.1
0	558.7	23.4	582.5	7857.8	2640.2	6462.5	664.1	750	4124.3
0	608	31.4	466.7	6982.7	3391.2	5521.6	417.9	1276.3	2383
1	675	7.3	715.6	10384	3734.1	4061.5	600	742.2	4177.1
1	650	0	127.3	11371.1	3207.9	4980.4	30	764.9	4052.6
0	815.3	8.2	30	13376.4	2983.9	6853.9	2012.5	1734	4082.6
0	1055.4	12.8	375.9	14364.6	3345.2	7777.1	2960.1	2619.6	4079.5
0	1223	10.8	725.6	15353	3929.1	8696.1	3899.2	3548.9	3786.6
1	181.8	11.7	1165	21210.3	1832.9	4809.4	569.2	120	3382.1
1	552.8	16	381.8	10696.4	2509.4	6279.3	1518.2	690.7	4154.5
1	462.9	14.2	1425.2	13419.9	984.1	11070	711.2	742.2	3806.3
1	374.8	29.1	1500	13990.7	1760.8	11375.7	1590	324.5	4416.4
0	529	17.4	426.4	13290	516.1	10655.6	595.5	934.3	3933.7
0	779.4	17.6	371.1	8366.7	3182	7024.2	351.1	1919.3	3651.5
1	885.6	3.9	305.9	13350	3985	7225.6	1783.9	1381.3	4090.2
0	1053.2	4.8	134.2	14340	4262.3	8146.1	2736.6	2400.8	4150.7
0	1205.3	22.9	161.6	15330	4734.4	9069.5	3708.9	3390.5	2927.6
1	72.2	0.4	247.4	18797.5	1591.1	6895.2	182.5	30	3799.5
1	501.8	36.9	792	9140.6	1489.5	4045	934.3	647.6	2400.9
0	454.3	23.3	331.4	11149.1	3348.9	9181.8	1148.3	258.1	2962.2
1	573.1	25.9	456.9	10274.3	4327.7	8641.9	1640.2	1209.3	3550.3
0	605.7	26.7	1594.5	6245.9	4424.2	4928.9	1466.3	1243.1	4478.6
0	1066.7	23.8	150	14361.2	5189.3	8506.7	2698.3	2537.8	3909.6
1	325	5.8	1556	7950	3847.5	900.5	778.3	295.5	3715.3
0	376.6	9.8	1298.7	7920.2	2830.2	1855.4	1027	649	4194.8
1	278.1	22.2	335.4	11404.2	1588.6	8785.7	60	201.2	2801.5
0	303.3	12.7	417.9	11109.3	2024.3	8477.7	335.4	201.2	3793.4
1	381.5	14.4	127.3	10836	2787.4	8273.1	108.2	658	3255.5
0	933.1	23.8	792	11477.3	5854.9	5908.2	1400.7	1290.3	2954.7
1	877.2	21.8	577.1	12456.4	5921	6868.6	1529.7	1355.7	2840.3
1	368.1	35.1	780	11858.5	3709.9	8828.6	451	342.1	3202.7
1	463.5	28	240	10841.1	2670.7	8213.3	810	607.5	3349.7
0	462.8	32.9	635.7	10446.3	2597.4	7839.2	1053.4	600.7	3205.5
0	690.6	19.2	270	6681.4	2210.5	5034	954.8	1295.2	4378.2
0	421.8	17.5	201.2	5788.1	2708.2	4263.9	335.4	403.6	3096.5
0	756.3	21.9	30	9738.2	4041.4	4221.9	1632.2	840.5	3149.2
0	963.9	22.7	30	10719.4	5020.7	5202.5	2529.3	1448.1	3617.2
1	50	3.3	774.2	15848.5	3275	2861.5	752.4	30	3640.6
0	287.7	14	722.5	17841.8	939.1	6198.6	968.4	60	3272.6
1	475	9.1	1350.3	6476.1	1943.3	1024	1100.6	646.2	3783.2
1	416.3	28	330	10551.3	1998.1	8414.8	134.2	218.4	2821.4
0	449.2	30.4	276.6	11785.3	3624.9	7971.9	957.2	664.1	2724.8
0	749.3	20.4	991.8	11058.9	2896.2	7839.7	1421.4	1176.1	3502.2
1	621.3	17.9	330	10484	2384.4	7687.8	1583.2	1290.3	3196
1	619.6	32.5	420	9960.2	2225.1	7297.8	1790.5	1603.8	4225.5
0	575	3.6	540	9528.9	2495.6	6924.8	2001.2	1601	3872.1
0	653.9	7.2	323.1	9184.5	3076.6	6556.6	1744.1	1682.4	3884.2
1	519.1	20.7	941.5	5342.5	2038.7	3627.9	745.2	600	3274.6
1	225	0.2	150	13179.3	2970.2	108.2	268.3	30	3878
0	500	10	818.8	8245.6	2167.1	5632.4	1200	999	4108.8
0	500.8	16.9	700.4	6969.4	2436.5	980.9	429.5	335.4	3197.2
0	964.7	27.7	579.4	8762.2	3415.4	2889	1448.1	899	2706.6
0	874.4	16	212.1	9607.7	4178.1	3836.5	1918.6	1626.1	4294.8
0	773	23.1	210	7774.2	858	6877.9	752.4	964.2	2998.5
0	1072.2	35.1	241.9	8613.7	4195.4	3233.6	2324.2	1841.8	2337.5
0	948.3	14.5	664.1	9587.9	4836.6	4147.1	2865.3	2286.5	3481.3
1	76.9	6.8	780.6	11113.1	2212.1	1842	362.5	30	3631
1	325	7.9	276.6	16206.9	2596	8675.1	442.9	284.6	3634.3
1	330.5	25.1	517.9	17636.4	2296.1	10294.2	446	42.4	3050.7
1	275	1.1	342.1	16215	488.4	9263.4	684.1	234.3	3817.7
1	400	23.5	270	5819.8	2586.4	4737.8	700.4	637.8	4330.8
0	612	28.3	60	6427.4	2252.2	5736.9	391.2	948.7	2549.3
1	451.5	36.4	456.9	8145.9	1168.5	4913.5	853.3	510.9	2724.3
1	878.5	27	161.6	7466.6	3281.1	2844.3	2561.4	1857.3	3280.3
1	311.4	17	218.4	15510.1	3463.5	9110.4	268.3	161.6	4115.8
1	377.3	14	630.7	18595.2	120	10262.1	1060.2	660.7	3575.3
1	331.2	16.1	825.4	15914.6	1389.7	8443.2	0	540.8	3634.3
1	1200	1.2	1090.4	7444.9	3348.3	3345.5	1910.8	1339.6	4331.8
1	256.3	13.2	483.7	13364.4	1944.5	7945.5	0	469.6	3738.9
1	513.3	14.1	510	17633.1	1337.9	8943.1	276.6	1171.5	3487.6
1	950	4.6	182.5	6587.6	1271.4	2415.1	1260.4	1218.2	4362.3
0	893.4	10.1	2460	9537.6	5559.3	5407.1	1314.9	816.1	4260.4
1	175	0.2	30	9567	2317	3389.1	161.6	30	3839.8
1	521.1	29.5	201.2	17471.5	2133.6	8024.1	94.9	1005.8	3637.5
0	300	6	510.9	16461.5	2759	7538.6	713.1	1081.7	3949.7
1	249.2	0.3	0	3262.7	989.5	607.5	660.7	42.4	3869.2
1	700	0	3304.1	8760.5	4780.9	4108.7	123.7	674.2	4065.9
1	425	0	308.9	16163.7	3045.4	8065.3	999	366.2	3956.4
1	452.5	18.2	212.1	17039.4	2880	7607.1	1044.8	872.1	3140
0	453.1	20.9	524.8	17364.9	3045.4	7124.2	863.8	1481.9	3429.9
1	273.4	12.4	284.6	16348.3	3208.9	6735.7	1410.3	758.9	4044.8
1	470.2	19.9	30	16600.9	3900	6701.9	960	713.1	3894.2
1	498.2	17.6	603.7	17313.7	3439	6225.7	1336.6	849.6	4157
1	550	0	216.3	5816.8	1081.7	161.6	408	42.4	3997
1	25	0	30	5611.2	2374.7	1336.6	240	30	3768.1
1	325	9.4	375.9	17155.2	3174.1	5366.6	451	283	3986.4
1	489.4	22.7	234.3	14960.7	4543.9	5115.6	725.6	483.7	2935.4
1	64	1.1	2142.6	3136.8	1462.9	702.9	0	42.4	3833.5
0	333.3	14.5	1614.7	8209.8	1106.3	1442.5	408	212.1	3411.5
1	361.9	28.3	1760.8	6931.2	1539.4	2139.3	900	512.6	2767.8
1	236.2	4.7	295.5	6644.2	1542.6	1918.6	153	108.2	3686.1
0	523.5	28.4	1179.6	6341.3	1719.4	3416.6	457.9	833.5	2950.2
1	418.8	16.5	774.2	7116.8	2515.9	2898.8	201.2	695.8	3224.2
1	396.9	22.6	2922.5	4352.9	2773.7	4641.9	618.5	361.2	2904.1
1	684.1	19.4	153	7707.2	3457.7	3710.8	174.9	1074.2	3349.4
1	658	36.1	984.1	8504.1	2754.9	4077.5	150	958.6	2161.9
0	592.6	17.9	547.4	9338.1	2276.8	4307.7	67.1	1065.3	3214.1
1	466.5	16.5	442.9	8978.8	2180.7	4610.6	212.1	1154.5	3239.2
0	611.3	18	228.5	8119	2515.9	4941.4	349.9	1831	3844.4
0	949.9	6.3	271.7	7292.2	3140.7	5295.3	510	2207.8	4134.1
1	521.7	24	942	8359.7	2573.9	4195.4	844.8	390	3540.5
1	561.5	24.6	1924.2	5208.3	3636.1	4134	759.5	644.1	3307.9
1	434.6	22.7	1608	4989.9	2863.9	3288.1	553.2	256.3	3688.6
1	450.4	13.7	300	12708.7	4400.6	3987.3	1492.2	512.6	3878.2
1	601.4	23.3	660	5973.3	2280.8	2750.4	1318	798.8	3460.4
1	722	33.4	456.9	4858.2	1020.4	1073.3	523.9	283	3760.6
1	288.8	20.7	362.5	11837.3	3578.1	5388.8	335.4	1158	3246.2
1	337.9	22.1	390	11116.4	3140.8	5513.6	591.7	751.8	2958.9
1	548.7	15.5	722.5	7433.3	3559.9	3373.4	1195.5	465.7	4308.4
1	747.4	21.2	446	4003.6	1980	647.6	1129.3	764.9	3505.2
1	426.2	8.2	708	13237.3	4956.2	6180.7	708	782.3	3738.7
1	516.3	33.4	870	12537.5	4441	6375.9	1073.3	1651.1	2416.7
1	414.2	23.2	582.5	2707.3	502.9	1233.3	381.8	349.9	3051.1
1	293.3	17.5	488.4	16128.9	4011	5711.8	94.9	792.6	3483.1
1	300	3.4	0	15379.5	4858.2	6110	0	664.1	3741.5
1	541	18.6	342.1	14637.4	5778.8	6493.6	600	979.5	4050.9
0	682.9	20.2	611.9	13937.5	5783.1	6989.2	1167.3	1556.8	3131.6
1	649.9	11.4	67.1	12608.6	5066.1	7476.9	1798.2	2047.3	3668.3
1	599.6	21.7	60	12023.9	4980.4	7301.6	1594.5	1626.9	3935.7
1	689.6	21.2	361.2	3890.8	1860.2	2100	1721.5	1724.7	4387.9
1	850	0.3	4837.4	2155.4	1721.5	2121.3	794.3	108.2	4172.8
1	169.2	2.8	30	13201.5	1710	4105.5	84.9	30	3832.6
1	462	16.3	90	15358.9	6251.9	7421.6	84.9	1785.2	3290.5
1	461.9	19.4	283	14041.6	6308.9	8382.1	1127.7	2267.5	4263.4
0	24	0	1135.6	2315.3	1908	900	218.4	465.7	2143.6
1	354.8	25.6	1315.9	12695.4	416.8	579.4	429.5	150	2706.9
1	874.7	6.4	1631.3	2930.2	2522.9	807.2	256.3	283	3917.9
0	24	0	2101.1	3203.3	2765.9	1707.6	67.1	1167.3	2139.7
1	207	8.5	361.2	15672.3	2028.1	6441.3	530.8	271.7	4006.9
1	290.2	27.2	284.6	17498.3	6803.1	8854.5	276.6	644.1	2769.2
1	348.2	18.8	560.4	16827.9	7231.6	9278.3	540	1588.6	3247.2
1	461.3	14.1	174.9	16212.1	7040.3	9631.7	375.9	2466.6	3371
1	227.3	21.4	371.1	13726.9	2165.4	540	30	120	2883.5
1	314.2	24.6	658.6	9661.9	1855.4	1654.6	840.5	335.4	2889.9
1	999.8	3	872.1	2899.5	2672	750	391.2	524.8	4108.2
0	24	0	1506.6	3821.7	3599.1	1681.3	540.8	1451.5	2138.4
1	200	0	60	18840.9	4910.6	8236.9	84.9	819.4	3829
1	533.4	15.2	516.1	18264.9	5877.7	9738.2	381.8	1395.6	3489.2
1	278.6	20.7	402.5	14128.7	2598.2	1544.3	384.2	375.9	3249.4
1	327.5	32.2	108.2	14373.6	2757.7	1470	84.9	483.7	3326.4
1	450	8.4	2277.8	14935.1	2598.2	2342.7	228.5	570.8	3646.6
1	350	17.7	516.1	8472.5	1484.9	2605.2	674.2	284.6	3185.8
1	400	2.4	0	7710.9	1897.6	1842	1503.6	768.4	3818.5
0	1116	8.6	161.6	2547.9	2355.5	1571.8	1271.4	1319	3935.4
0	24	0	740.9	3551.3	3370.8	2187.5	1500.3	1913.4	2136
0	394.9	25.4	90	20102.3	4502.9	9458.8	499.3	2202.3	2721.9
1	885.3	19.8	305.9	17856.4	5307.5	8936.8	990	3293.6	4400.2
1	677.4	13.7	201.2	17334	5299.1	8006	1854.4	2637.6	4112.4
1	551	28.1	778.3	15026.2	3273.7	3747.6	720	1913.7	4365.6
1	783.2	35.6	301.5	12350.2	2226.5	3546.2	379.5	1606.1	3608.6
1	603.5	23.7	234.3	9109.4	2379.3	1871.1	966.1	1293.1	3177.2
0	24	0	42.4	3528.4	3436.3	2937.2	1955.8	2371.7	2316
1	511.6	15.1	192.1	17723.9	4534.9	6721.2	769	1965.4	3382.1
1	195.5	5.5	120	14985.6	1032.3	5360.3	270	1556	3667.4
0	426.5	18.9	60	19686.6	2988.7	10243.8	825.4	2748.2	3075
0	405.1	24.1	60	18255.7	4092	5528.9	787.5	660.7	2958.4
1	371.2	23.7	465.7	16308.7	1877.6	6155.5	579.4	1747.2	2866.7
1	406.9	24.4	417.9	18140	3018.1	8126.8	429.5	2121.3	3042.5
1	486.9	18.2	241.9	20010.6	2258.6	10131.5	300	1999.4	3173.8
1	550.4	13.2	120	20924.5	2745.8	9450	778.3	3518.2	4362.9
1	404.6	13.9	763.7	15669.1	2135.9	3264.4	933.4	480	4288.9
1	734	20.5	2554.9	7979.8	421.1	488.4	1294.2	853.8	3115.7
1	250	0.2	42.4	16730.3	2851.1	6127.3	882.3	840.5	3863.9
0	515.1	25.8	169.7	22301.3	2294.6	10516.7	513.5	2241.8	2910
0	475	4	240	21779.3	2001.2	9501.7	308.9	3206.6	3954.9
1	92.6	6.3	30	8436.5	1430.3	1502.7	241.9	42.4	3803.1
1	449.3	16.4	60	23537.8	1382.9	11634.9	615.5	1233.3	3229.1
1	200	0.5	870	12399.1	2082.8	2479.1	174.9	456.9	3800.3
1	304.8	16.4	234.3	22710.1	849.1	8049.9	295.5	2281.8	3195.5
1	917	34.4	300	11274.8	725	2847.6	547.4	2526.1	2477.9
0	589.5	13.1	0	9312.8	1805	3053.1	67.1	1916.7	3426.7
1	178.5	14.3	134.2	13813.2	2670.7	3302.2	210	153	3286.5
1	604.1	12.3	60	24011.9	1793.2	9353.7	708	1957.6	4106.2
0	263.9	6.9	30	21630.8	750	4933.2	60	617.7	3615
0	450.8	17.1	42.4	13411.1	1250.3	3510.1	150	524.8	4131.6
1	150	0.8	120	13469.5	4250.8	4715.3	150	123.7	3762.7
1	439.4	23.2	90	24947	2742.3	9832.2	127.3	1034.5	2879.5
1	534.3	19	241.9	22581.7	1906.8	6134.5	390	1561.2	3311.7
0	441.5	19.1	268.3	22646.7	1752.6	5909.6	258.1	1470.9	3082.3
0	559.2	24.1	0	14589.3	1652.5	2105.4	582.5	1138.4	2559.7
0	250	0.4	416.8	13875.7	3533.5	5225.9	402.5	189.7	3876.5
1	282.7	11.6	655.2	14327.5	3267.1	5078.9	60	351.1	3410.1
1	325.4	18.3	300	21060.3	2010.2	7807.4	1143.5	384.2	3201.8
1	549.4	15.1	123.7	23570.8	2839.2	6206.6	1006.2	1705.8	4327.6
1	295.3	13.7	234.3	23706.2	2250.2	5806.4	234.3	1273.5	3294.6
0	700	18.4	42.4	15828.1	2799	789.2	218.4	2010.2	3364.9
1	875.7	22	276.6	14850.6	2641.5	1381.3	84.9	2130.6	3503.3
1	369.4	18.7	1120.1	22470.1	618.5	7105.9	954.8	483.7	3037.9
1	445.2	26.5	865.3	24688.1	3941.4	5864.4	666.1	834.1	2777.6
1	580.8	22.5	305.9	24693.5	2060.4	4836.2	658	1584	2921.3
1	450	14.5	218.4	24773.6	2024.1	4618.5	442.9	1261.4	3866.5
1	368.9	23.3	721.2	24861.4	2430.7	4500.9	42.4	1154.5	3369.2
1	389.2	20.6	240	18822	676.8	5049.5	480	1053.4	3081.4
1	346.3	25.6	737.9	23875.7	885.9	6579.5	1509.9	971.6	2675.6
1	416.5	26.5	90	27713.1	3693.3	7890.2	1034.5	780	2730.4
1	296.3	16	465.7	27345.8	3360.1	7434.7	658	349.9	3488.2
1	360.7	21	84.9	25617.1	4066	4599.3	617.7	960.5	3699.5
1	517.1	28.2	424.3	25579.2	2752.8	4235.2	488.4	1544.3	2677.5
1	779.3	29.3	1271.4	16497.8	4742.1	1103.1	1236.9	1637.1	2664.8
0	125	0.1	67.1	16080.1	1477.3	3486.3	362.5	127.3	3821.5
1	239.7	17.4	270	21556.8	2379.3	4465.6	752.4	67.1	3217.9
1	248.3	6.8	276.6	27939.1	3101.8	6095.3	216.3	123.7	3614.5
0	725.1	23.6	201.2	26605	3081.1	3646.9	1074.2	1855.4	2978.9
1	302.1	16.1	1355.3	20569.5	2082.1	120	210	421.1	3230
1	797.2	29.6	349.9	16905.9	5207	1905.2	2210.5	2068.5	3311.2
1	370.1	14.5	339.4	20986.3	2155.4	3488.9	662.7	912.4	3308.5
1	549.4	16.2	335.4	28348	3301.2	4487.6	1266.1	2163.3	3396.1
1	526.5	21	606.7	28123.7	3153.6	4065.2	1021.8	2986.2	3455.7
1	311.7	18.2	218.4	27939.9	3260.1	3683.3	590.9	3504.7	3072.6
1	569	19.3	930	27672	2471.3	3141.3	700.4	2862.8	4502.7
1	575	1.4	924.2	27593	2101.1	2707.5	600	2430.2	4076.6
1	409.3	8.3	30	27549.4	2163.7	2444.8	150	2137.6	4178.5
0	632.6	10.8	0	17866.6	4686.1	1728.8	1884	1934.9	3541.3
1	295.3	21.2	658.6	23701.6	1484.3	2700.8	67.1	742.2	2990.1
0	485.5	20.5	212.1	28945.8	2289.7	2732.5	1549.9	2612.8	3006.4
0	503.6	23.4	67.1	28687.3	1710.3	2214.7	371.1	1879.5	2932.2
0	341.6	12.3	42.4	28569.1	1224.5	1455.2	123.7	1154.1	3768.2
1	1051.6	32.9	550.7	17822	4744.6	2602.9	1230.4	2837.3	2411.7
1	675.7	15	60	30539.3	2442.4	2969.4	1933.3	2335	4224.2
0	908.9	26.8	324.5	30304.5	1633.6	2563.2	1959.2	2855.7	2784.4
1	562.4	18.8	0	29783.2	1382.9	1462.9	737.9	1410.3	4088.2
1	431.5	29.5	323.1	21821.9	1899.7	2779	510.9	764.9	2468.5
0	175	0.4	108.2	20123.2	4468.5	1600.2	391.2	256.3	3810.6
1	247.4	19	150	21074.8	2322.4	1308	819.4	120	3043.2
1	394.4	20.5	379.5	29365.7	3735.9	4540.4	457.9	1866	3355.8
1	590.2	24	570	30112.2	4315.1	4628.7	150	2308.2	2943.2
1	450	4.2	30	31755	3153.6	2592	540.8	918.3	3964.6
1	821	14.8	818.8	31498.2	2165.2	2095.7	1341.6	1730.9	4528.5
0	540.3	33.9	30	21876.9	2844.9	3479	1187.9	1489.5	2175.4
1	675.2	16	408	18887.6	4608	4113.1	212.1	2538	4409.7
1	1239.2	27.8	150	16916.6	6306.1	4816.6	1266.1	4363.9	3346.4
1	566.8	31.8	700.4	32737.2	3157	1782.2	484.7	442.9	3204.7
1	532.7	22.9	1560	32070.6	882.8	360	210	913.9	3711.3
0	534.8	26.2	1157.6	31909.5	1209.3	241.9	330	1031	2736
0	447.1	20.9	256.3	31606.3	1623.6	895	84.9	997.2	2986.8
0	497.1	12.6	67.1	31568.2	1413.8	1301.5	589.4	1223.8	3730.4
1	383.9	19.9	420	31575.5	2085.8	1740	446	1025.3	3282
1	438	26.9	174.9	27943.7	1693.9	1578.4	474.3	1230	2644.9
1	456.4	21.7	730.5	26958.6	872.1	1783.2	417.9	649	3035.8
1	417.3	21.1	488.4	23975.9	2518	2898.2	912.4	664.1	3326.7
1	284.1	8.8	684.1	23321.6	2593.6	2321.1	108.2	540.8	3541.1
1	297.6	17	201.2	23718.7	2269.9	1839.8	174.9	1050	3170.8
1	340.9	18.8	313.2	29339	4436.1	1699.2	313.2	60	3534.3
0	681.8	18.3	603	32661.8	1797.2	1669.8	234.3	1384.2	3186.4
0	744.3	25.5	300	32594.9	2258.6	1859.5	807.8	1818.2	2952.9
0	691	12.2	247.4	32558	2377.4	2186.9	1198.9	2190.2	3552.3
1	413.1	11.9	268.3	32565.1	2829.1	2730	900	848.5	3585.9
0	687.3	21.4	84.9	27076.8	658.6	2750.4	450	1529.7	3837
0	721.1	27.7	0	20175.9	5466.4	6031.2	42.4	3576.5	2711
0	747.4	5.4	123.7	19174.3	6030.7	6092.4	30	4003.6	3882.6
0	845.8	8.4	30	18204.1	6682.5	6310.3	67.1	4627.6	3852.7
1	225.1	0.9	180	22528.7	1015.1	4166.5	150	42.4	3859.6
1	300	0	446	24621.2	3253.9	2773.3	283	216.3	3904.9
0	274	1.8	30	26483.3	3944.2	2539.4	466.7	421.1	3820.7
0	379.4	21.2	764.9	27033.4	3788.7	2232.1	1209.3	1049.6	3000.9
1	294.8	17.7	84.9	28176	3595.6	827.6	524.8	161.6	3214.2
1	275.7	5	540	28800.1	3905.6	189.7	510	192.1	3713.4
0	562.3	20.5	150	33540	3383.6	3528.5	446	1371.2	3022.2
0	563.2	25	0	26255.9	1385.2	3944.1	323.1	1566	2730.6
1	480.3	25.2	540	25253.1	1953.5	4202.7	391.2	680.1	3316.9
1	366.2	7.7	42.4	24281.2	2765.4	4575.1	0	42.4	3639.8
0	325.2	12.7	300	27356.3	2970.6	3523.3	1148.3	283	3804.2
1	548.7	29.2	271.7	28431.8	4118.9	2248.6	1564.6	1148.3	3394.9
1	530.2	30.3	134.2	28998.1	4422.3	1608	1451.5	1025.3	2846.9
1	514.6	21.5	550.7	29604.8	3648.9	982.7	1312.1	695.8	3008.3
1	579	18.4	960	33244.4	2794	2109.8	469.6	523.9	3181.1
1	463.9	25.5	807.2	33603.8	3783	2598.2	488.4	416.8	3548.9
0	376.6	22.1	108.2	33988.3	3793.1	3202	0	737.9	2893
0	425.2	6.5	403.6	34347.9	3776.9	3530.6	553.2	1236.9	3642.3
0	844.4	23.9	270	34567.5	4370.2	4051.8	1087.1	2457.3	3927.6
1	473.7	24.2	510	34616.7	3096.8	2446.2	446	523.9	3097.2
1	770.5	23.8	212.1	31338.3	2130.6	2250.2	1481.9	1578.4	2954
0	502.9	10.5	150	23538.1	4143.9	5942.8	0	895	3568.1
1	809.5	14.8	465.7	21594.1	5912.7	7102.9	931.9	2670.7	4499
0	250	1.1	127.3	24799.2	2346.9	6630.6	234.3	60	3848.2
1	275	5.2	84.9	25227.1	375.9	6427	108.2	94.9	4056.7
1	420.3	17.6	442.9	29257.1	3524.3	2538	1275.6	1400.7	4352.6
1	486.4	19.3	702.3	32318.9	2913.7	2991.9	540	484.7	4425.1
0	660.5	24.2	751.8	33063.6	4774.1	3987.3	30	1502.7	2930.2
0	537.5	29.7	108.2	33425.4	4761.3	4449.8	536.7	2040	2560
0	705.9	16.1	323.1	35499.8	2647	2943.4	1124.5	1514.6	3367.8
0	503.3	18.2	153	35676.4	1704.7	2055.2	600	1426.2	3424.3
0	900	16.8	0	25704	3628	6136	964.2	2118.1	3474.2
0	727.9	14.6	150	24749.8	4122.4	6425.7	0	1701.6	3418.6
0	689	16.2	375.9	23798.5	4773.4	6815.5	241.9	1794.2	3419.6
1	700	3.6	268.3	22821.8	5550	7322.2	408	2314.7	4055.2
0	900	14	150	21877.6	6369.8	7890.1	819.4	3095.2	3701.3
0	346.9	2.5	0	30413.1	1261.8	2508.9	540	451	3927.4
1	512.9	21.5	150	30709	1572.9	2952.4	1015.1	606.7	4093.6
0	547.8	10.8	120	31777.7	4107.8	4321.8	134.2	1221.6	4290
0	873	3.8	30	32894.3	5908.2	5739.4	1916.7	3421.2	4073.7
0	526.1	15.8	284.6	34616.7	2526.4	3437.6	469.6	2498.8	4206.6
1	674.7	3.4	174.9	28859	4593	4874.9	256.3	2735.9	4098.9
1	768.1	38.7	360	27906.2	4357.4	5842.3	169.7	2982.1	2498.3
0	925	15.6	42.4	25980.4	4553.7	7094.5	986.8	2965.3	3606.6
0	857.1	14.6	180	23132.7	6194.8	8167.8	330	3118.3	3458.3
0	426.8	15.4	408	27424.9	1542.6	7666.5	1186.8	708	3460.7
1	518.4	24.3	234.3	27705.6	1626.9	7237	1295.2	300	3765.1
0	413.8	22.8	699.7	28014.7	2229.9	6912.6	1141.6	258.1	2892
1	412.9	24.3	189.7	28325.3	982.7	5071.4	678.8	189.7	3484
1	628.2	13.6	442.9	29742.2	1592.5	3564.8	976.7	660.7	4448.3
1	700.6	3.8	465.7	30452.4	3601.1	4293.8	660.7	1236.9	3990.3
0	688.5	22	256.3	31181.8	5408.2	5655.1	764.9	2580.7	3882.9
0	575.7	8.4	0	33713	2791.1	3877.4	349.9	3330.5	3686.7
1	475.2	12.7	268.3	34204.1	1920.9	2930.2	169.7	2716.6	3409.6
0	934.7	22	201.2	28205.1	5370.3	5660.4	577.1	3908.8	3439.6
0	672.9	7.1	0	27265.4	5356.5	6593.5	42.4	4312.1	3827
1	345.5	13.3	212.1	27402.6	3398.5	8912.1	297	254.6	3519.2
1	340.2	25.8	540.8	27134.5	1493.1	1031	390	451	2664.9
1	788.6	16	67.1	30260.9	5652.1	5094.2	402.5	3280.3	4189.6
0	664.8	27	123.7	32842.3	3338.6	4170.4	895	4111.8	3324.5
0	300.1	2.9	0	26951.2	1718.4	7069.4	30	150	3909.9
1	430.3	26.2	268.3	26245.5	421.1	2206.2	699.7	722.5	3332.4
1	309	24.7	769	26758.3	2042	42.4	150	123.7	3062
1	575.4	21.1	644.1	28233.5	2672	2102.8	726.2	1126.1	4531.7
0	669.4	28.1	150	28978.5	4537.2	3759	823.8	2843.8	2620.2
1	787	22.7	228.5	29344.6	5493.6	4677.8	1186.8	3528.5	3048.6
1	687.1	25.5	254.6	33020.5	3220.6	2379.3	134.2	2340.8	2812.3
1	481.9	12.6	60	33566	3216	1506.6	67.1	1351.3	3656.4
1	914.7	28.2	646.2	29801	6401.3	4201.1	1809.2	3987.3	3036.8
1	656.1	11.9	403.6	28027.3	4358.4	3462.4	655.2	2241.8	4168.7
1	953.4	6.7	384.2	31628.4	4459.8	3725.1	42.4	3486.3	3971.2
0	702	6.9	127.3	32167.1	4230.9	2905	300	2518	3771.7
1	830	24.4	362.5	30182.6	5464.9	3883.1	1664.1	3035.8	4220.6
1	974.5	16.1	547.4	28368.7	5163.1	5838.4	2022.5	3819.4	3585.9
1	325	2.7	931.9	24100.8	247.4	764.9	1034.5	42.4	3961.7
1	375	0.5	339.4	24576.1	1110.4	1622.5	335.4	797.1	3910.2
0	361.8	25.7	872.1	24799.8	94.9	690.7	787.5	90	2833.4
1	514.3	17.3	611.9	26748.8	3436.3	2471.3	429.5	1034.5	3212.9
0	475.9	4	42.4	27499.9	5263.6	4432.9	685.4	1956.5	4034.1
1	363.3	22.7	30	32534.8	5241.7	1994.5	150	1654.6	3263.4
1	836.7	12.2	300	28792.1	4173.9	5779	1494.6	3033.6	3582.7
1	275	0	240	23397.6	1591.1	3209.3	42.4	84.9	3887.9
1	358	15	284.6	23111.2	960.5	402.5	1214.9	228.5	3934
0	527.2	26.8	371.1	23607.7	1467.5	1987.3	863.8	1039.7	2713.4
1	463.1	27.8	617.7	23836.8	964.2	1200	1548.7	600	3821.2
1	397.4	26.7	1166.9	24090.3	1315.9	807.2	953.4	90	2770.3
0	453.5	7.8	240	26600.1	4940.5	4639.1	247.4	1597.1	3695.7
1	321.3	4	30	23397.3	499.3	5967.3	60	84.9	3902.2
1	479.2	28	339.4	22612	2269.9	2635.9	1854.4	789.2	3809.3
0	522.7	23.7	308.9	23111.4	2174.9	1690.9	1519.1	722.5	3090.8
0	701.7	29.2	67.1	26551.1	3236.9	6875.2	888.4	2707.5	2552.9
1	689.5	26.4	218.4	27507	2676.1	5582	553.2	933.4	3208.7
1	325.2	1.2	108.2	21011.3	1560.3	5370.3	301.5	67.1	3950.1
1	358.2	14.8	276.6	22356.4	1583.2	6065.4	271.7	510.9	3613.1
0	311.2	19.5	930	21415.6	2402.4	2339.6	60	192.1	3035.7
0	450	7.6	270	24794.5	4191.4	5599.2	241.9	967.5	3821.7
0	544.6	9.7	201.2	25227.2	3282.5	6433.3	318.9	1891.9	4256.3
1	685.8	25	228.5	25669	2484.2	7139.3	108.2	2070.9	3997.7
1	662	17.4	496.6	26656.6	1689.6	5199.1	436.8	684.1	3670
0	209.7	6.2	94.9	20458.4	1470.3	7075.2	42.4	270	3722.4
0	250	0.9	642	20275.4	1755.7	6323.8	42.4	254.6	3871.2
1	100	0.2	127.3	20011.8	1154.1	4631.5	361.2	94.9	3655.7
1	243.5	6.1	212.1	20347.4	888.4	4982.7	324.5	192.1	3855.1
1	447.9	26.9	1600.2	20112.9	797.1	607.5	1213.4	536.7	2644.6
1	529.5	27	1129.3	20092.9	1425.2	2221.2	1650.8	662.7	4250.9
1	413.3	20.7	123.7	20934.1	2531.6	3904.4	912.4	483.7	4312.2
1	374.3	0.7	161.6	23899.7	3901.5	6257.9	94.9	961.9	3922.9
0	471.8	16.3	60	24337.4	2903.2	7014.2	780	1899.7	4190.3
0	723.1	18.8	416.8	24795	1955.8	6985.8	780	1637.1	4215.1
1	600	0.1	67.1	25816	713.1	4986.2	67.1	90	4029.9
1	449.5	2.6	323.1	30217.2	4562.5	1395.6	510	1080.4	3866.4
1	433	12.6	30	30685.8	3814.2	2306.9	379.5	1025.3	3623.9
0	796	24.9	0	31599.6	829.8	5107.8	798.8	2189.8	2913.9
0	794.7	21.9	600	30763.8	254.6	6072.2	1008.5	1224.1	3056.2
1	551.5	4.8	553.2	29096.7	2197.4	8028.6	120	60	3899
1	795.3	10.4	201.2	27475.4	4203.9	9968.5	942	1980.9	4153.4
1	246.6	33	120	19462	2490.2	6498.1	120	153	4281.7
1	291.6	7.3	0	19269.5	2668.7	5670.7	615.5	218.4	3868.3
1	244.8	28.4	577.1	18991.9	566	3690.1	403.6	30	3947
1	420.2	13.7	1412.2	19093.6	1060.7	1188.7	1590.3	759.5	4330.7
1	387.5	21.5	349.9	19074.2	1266.1	2821.4	692.6	632.9	4363.7
0	415.5	21.7	924.2	19155.7	1795.2	4135.3	446	488.4	2970.6
0	325	0	1179.6	20601.1	2831.1	4500.9	108.2	153	3900.6
1	424.2	7.3	1050	20999.7	2558.6	4634.9	576.3	577.1	3675.1
1	375	9.3	952.9	21710.9	3104.1	5458.8	550.7	509.1	3692.8
1	357.8	8.8	150	22554.1	3454.7	6433.3	42.4	465.7	3898.3
1	469.9	8.3	192.1	22974	3543.8	7014.2	750	1206.7	3676.2
0	592.3	8.2	848.5	23429	2839.2	7700.4	1018.2	2096.8	3668.7
1	717.2	12.3	510	24409.9	902.5	5982.7	351.1	362.5	3829.8
0	761.2	24.4	886.4	25524.5	1215.6	3979.2	937.7	523.9	3134.2
1	600.2	11.4	60	29798.5	3901.5	2772.5	670.8	1983	3818.7
1	704.9	19.7	360	30305.9	2942.4	3622.4	496.6	2325.7	3845.3
0	756.8	21.5	150	31407.1	1166.9	5449.9	342.1	2538	4133.5
0	853.2	20.4	849.1	31329.6	859.1	6362.5	573.1	1721.5	4063.9
0	551.5	12.7	0	30494.1	1464.8	7323.9	127.3	1178.8	3722.8
1	182	29.1	42.4	18002	591.7	2829.1	228.5	60	3420.9
1	344.9	19.5	108.2	18196.9	745.2	2732	169.7	67.1	2999
1	388.4	20.3	268.3	18085.5	941.5	3369.9	391.2	216.3	3705.2
0	434.5	16.8	1298.7	18171.5	2190.2	4991.2	540.8	1152.6	3268.1
0	325	2.6	456.9	18312.4	1353	5532.1	30	324.5	3806.6
1	405.3	6.1	536.7	20799.2	2359.3	6299.9	674.2	626.4	4088.2
1	634	19	658	21225.8	2724.1	6858	1106.8	1171.5	3390.1
0	449.4	14.1	254.6	21660.5	2466.6	7288.3	900.5	1225.6	3396.2
0	713.5	21.1	540	22083.4	2589.9	7805.8	849.6	1836.6	3082.8
0	784.9	19.1	823.8	22556.4	3066	8068.9	660	2267.5	3204.5
0	840.8	18.9	120	23573.7	1564.6	6127.4	874.6	706.1	3370.9
0	978.9	27.5	778.3	24144.4	1332.2	5138.8	872.1	590.9	2812.4
1	680	26.3	1918.6	25333	2397.2	3275	2033.4	1890.2	2918.7
1	584.3	22.4	1209.3	27106.9	1730.7	1110	1539.4	2577.2	3941.7
1	615.6	25.8	982.7	27520.6	2612.8	1274.6	892	2340.8	3187.8
0	531.5	7.2	134.2	27963.3	3552.2	1909.7	0	2423.3	3762.9
0	809.9	22.5	403.6	30030.4	2566.9	4996	210	3586.2	3881.6
1	978.7	32.5	318.9	30599.1	2001.2	5863	752.4	3140.7	2829.7
0	755.5	36.8	161.6	31080.1	2188.4	7689.9	576.3	2180.7	3124.9
0	845	16.6	30	28742.2	4581.4	10483.1	523.9	2864.5	3691
1	450	1.7	283	17405.6	1557.7	2651.7	510.9	134.2	3928.9
1	383	27	750	17316.6	1083.7	984.1	1050	210	3978
1	275	0.9	216.3	17188.3	2072	1569.8	60	30	3844.7
0	385.8	21.4	873.6	19155.6	607.5	6574.4	351.1	271.7	2977.5
0	423.2	19.5	577.1	19503.6	966.1	6811.8	436.8	335.4	3203.9
0	479.3	12.2	420	19894.9	1859.5	7179	270	429.5	3467.7
0	732.4	21.8	421.1	20760.8	1481	8173.8	1422.4	2177	3182.3
0	579.2	17	926.6	25795.4	1503.6	2296.1	912.4	3920.9	3205.4
1	805.4	10.1	1291.4	26203.8	2424.1	2100	1291.4	3500.8	4060.2
0	811	25.7	1358.3	26631.6	3115.7	2201.3	305.9	3330.5	3072
0	799	26.1	426.4	27589.1	4849.3	3331.1	494.8	3679.6	2855.3
0	765.6	10.9	161.6	28101.6	4740.1	4098.2	295.5	3976.3	3967.7
1	1005.7	17.5	0	28639.2	3988.1	4838.3	993.2	4183.8	3529.2
1	200	7	241.9	16147.5	993.6	3585.2	123.7	94.9	3613.7
1	209.4	12.2	90	16039.6	1710.3	2601	351.1	94.9	3428.6
0	335.1	21.1	469.6	17427.7	2422.6	1739.5	67.1	169.7	3362.8
1	427.2	24.1	745.2	16310.1	1234.4	1650.3	1310.4	134.2	3392
1	275	0	318.9	16096.1	2781.1	3012.3	258.1	30	3881.9
1	300	0	60	16082.3	2362.4	3744.2	0	67.1	3892.3
1	500	28.7	84.9	16333.5	2496.5	7245.2	603.7	1556.8	3149.4
1	399.7	12.5	644.1	16788.2	2174.9	8009.6	674.2	603	4123.4
0	397.5	10.3	30	18195.5	496.6	7581.7	30	182.5	3825.3
0	522.4	6.8	108.2	18561.5	900.5	7788.5	30	1179.6	3838.2
0	720.6	19.4	153	18972.2	1826.3	8111.6	752.4	1391.7	3369.4
0	774.9	1.6	976.7	19421.6	1253.6	8552.3	1556	1809.2	4066.1
1	975	5.1	1570.6	23150.4	2686.8	5212.8	1850.5	2817.4	4058.1
1	727.4	5.7	1514.6	23737.3	1706.6	4507	1540.6	3378.3	4038.5
1	521.7	17.3	523.9	24136.4	725	3910.8	540.8	4090.2	3716.7
0	862.3	30.3	1110.4	26713.4	4355.1	4071.7	876.2	3931.8	2415.3
1	250.1	17.1	60	15593.2	1248.9	5615.5	241.9	60	3095.9
1	413.8	14	349.9	16283.8	1450	2402.4	42.4	67.1	3853.5
0	401.7	5.1	228.5	16413.7	1376.4	1475.8	30	212.1	3753
0	405.4	17.1	1138.4	16141.3	2462.9	339.4	324.5	276.6	3500.1
0	445	15.2	577.1	15090.6	2647	5135.6	720	218.4	3377.7
1	386.8	20.3	342.1	15094.5	2791.1	6768	300	108.2	3199.2
1	450	7.8	295.5	15361.8	3372	8139	789.2	1556	3624.4
1	491.9	14.8	600	15838.8	1982	8946.1	888.4	1447.8	3327.2
1	421	6.8	42.4	16537.2	94.9	8528.6	780	713.1	3982.2
0	553.1	19	390	17270.1	1455.2	8562.3	787.5	797.1	4229
0	774.6	27.5	365	17655.3	1637.7	8745.9	991.8	1440.3	2821.7
0	725	5	666.1	18520.6	1288.6	9432.5	1025.3	2670	3995.8
0	605.9	18.1	30	18961.9	569.2	9904	674.2	2837.8	3278.8
1	871.2	15.3	1850.5	21121	3848.1	7404.4	1315.2	2794.4	4309.3
1	819.6	16.2	1783.2	21756.2	3880.7	6609.6	872.1	2713.5	4029.3
1	99.3	1.8	182.5	15699.6	161.6	8731.6	150	84.9	3798.7
1	475.9	14.2	891	14487.8	1165	750	161.6	134.2	3364.4
1	392	13.9	451	14875.4	1708.2	997.2	488.4	454	3434
1	500	12.1	1310.4	14361.9	1024	2576	234.3	228.5	3506.3
1	494.6	17.7	1408.7	14207	1760.1	3448	134.2	247.4	3725.9
1	521.2	17.1	1474.9	14118.4	2694.3	4374.8	1141.6	241.9	4250.1
0	634.3	22.6	579.4	15635.3	1080.4	9514.5	1195.5	1611.4	3273.2
0	525.8	31.3	240	16352.3	2308.2	9544.8	1448.1	1615.5	3833.2
1	648.6	9.9	750	16758.6	2552.1	9709.8	699.7	1688.8	4203.5
1	755.3	22	1075.4	17198.7	2671.5	9970.9	134.2	1766.2	4262.7
0	750	3.7	2124.1	19155.9	2385.3	9593.7	937.2	2135.3	3957.2
1	631.5	13.2	2538	20974	4312.1	7303.4	60	1731.2	4295.4
0	591	7.3	1739.5	21558.5	3511	6672.2	300	2020.9	4225.6
0	853.2	19.5	1472.8	23985.8	3552.7	5142.5	863.8	2673.2	3098.5
1	506.9	18.9	228.5	12992.8	1454	2974.7	268.3	241.9	3906.4
0	500	0	216.3	13008.3	2016.9	2187.5	42.4	180	3985.1
0	428.3	5.6	806.1	14646.9	3604.6	624.3	417.9	644.1	4024
1	375	0.1	818.8	13598.7	1942.8	2439.6	212.1	276.6	3936.2
1	451.4	16.2	1113.6	13050	4534.9	7254.9	912.4	361.2	4219.6
1	383.4	17.2	615.5	13089.8	4686.2	7969.9	216.3	234.3	3362
1	573.6	23.5	228.5	14299.3	2309	10653.2	241.9	2827.8	4527.1
0	700	8.1	1783.2	17739.3	2675.6	11013.3	240	846.9	3770.4
1	414.7	11.6	84.9	12554.5	2105.4	930.5	60	30	4285.2
1	350.9	2.1	740.9	13690	4535.1	67.1	0	90	3961.7
1	400.3	2.4	161.6	12060	5524	7942.5	1353.7	375.9	4011.3
1	482	17.4	450	12103.1	5253.4	8655	499.3	362.5	3780.5
0	439.8	16.8	429.5	12433.5	3461.3	10148.6	362.5	189.7	3294.7
1	571.4	29.7	900.5	12680.7	2694.2	10944.1	30	1094.9	4546.4
1	608	22.3	615.5	13765.6	2217.8	11518.5	900	1392	3194.1
0	375	4.6	0	14105.5	2845.4	11490.4	915.9	658	3967.1
0	715.7	25.9	1559.1	18166.9	2528.7	10144.3	690.7	1586.6	2783
1	728	22.9	859.1	20813.6	2742.5	7364.7	1415.1	1999.2	3268.5
1	945.9	20.2	990.5	24629.8	1266.1	8471.9	127.3	1592.5	3924.7
1	462.9	15.5	424.3	11805.4	4181.6	7191.8	150	305.9	3624.9
1	575	5.8	127.3	11013.3	3373.5	4198.3	30	161.6	3938.3
0	443.4	14.6	268.3	11329.1	2762.6	1667.4	540	192.1	4204.7
1	388.4	11.6	647.6	12321	4975.7	496.6	420	483.7	4095.6
0	441.4	14.8	697.8	11070	5742.2	8406.5	918.3	618.5	3504.7
1	458.1	18	150	11116.9	4977.6	9280.7	335.4	335.4	4099.2
0	399.8	16.5	161.6	11468	3026.4	10788.3	90	611.9	4068.7
0	355.9	18.7	594	11735.5	2106.4	11539.9	180	1288.3	4224.3
1	398.2	30.7	442.9	12078.5	1294.2	11825.4	134.2	1622.5	2797
0	415.9	23.8	510	12504.2	937.7	12096.5	150	1351.3	2860.6
1	439.4	22	1379	12828.6	1448.1	12434.3	436.8	816.1	3140.9
1	442.7	30	488.4	14055.3	3303.4	12655.4	968.4	582.5	2691.8
1	875	6.6	617.7	17364	1544.3	10885.7	1462.6	1622.5	4042.4
1	473	11.2	300	11233	4484	8604.1	108.2	153	4230.8
1	455.9	9.2	531.6	10013.8	4044.8	3166.4	30	371.1	4242
1	429.6	10	301.5	10340.6	3153.6	1621.1	60	153	3558.7
1	376	10.5	1075.4	10229.1	5123.8	5918.5	782.3	362.5	3749.7
1	394.2	9.2	0	10095.7	5463.7	8128.9	42.4	90	4175.2
1	456.9	11.9	670.8	10050	4852.7	8946.1	831.9	297	4330.7
1	375	5.1	120	10101.6	4406.8	9775.8	90	201.2	3963.4
0	500	4.4	853.3	10249	3901	10505.2	939.1	794.3	3884.5
0	426.7	7.6	782.3	10478	2881.4	10522.6	674.2	1065.3	3969.9
0	850.5	6.2	67.1	15960.7	931.9	12303.4	1146.3	1560	3995.9
1	650	11.7	1824.8	17809.2	3250.3	10190.9	891	812.2	3496
0	982.3	10	268.3	26822.9	6470.1	11985	873.6	5608.3	4140.8
1	276.6	38.1	108.2	10302.1	5400.4	8442.8	30	42.4	4099.6
1	500	3	361.2	9575.6	5523.4	6512.5	90	216.3	3889
1	524.2	5.4	120	9087.8	4245.7	4593	84.9	84.9	3873.3
1	475	7.7	313.2	9004	3853.3	3677.3	210	30	4205.1
1	454.8	10.6	1470.3	9491.1	5904.7	5744.1	474.3	123.7	3922.2
1	350	0	630.7	9060	4048.6	9545.2	766.6	247.4	3893.3
0	400	5.8	42.4	9117.2	3501.8	9601.2	153	120	3768.1
1	475	9	966.1	9280.3	3177.2	9515.7	969.3	1031	3932.5
1	405.4	17.5	1248.9	9523.2	3075.8	9535	1176.5	993.2	3205.6
1	705.3	21.4	670.8	13939.7	2523.6	14184.7	737.9	2563.2	4033.6
0	833.1	17.3	300	15156.1	915.9	13074.7	323.1	2532.1	4530
0	657.8	14.8	810	17250.1	2969.8	10796.5	450	484.7	3548.2
0	585	17.2	123.7	18653.8	424.3	10152.7	390	276.6	3450.4
0	650	0.2	0	23156.9	3514.6	11287.8	60	1553.6	4032.1
1	703.9	22.3	256.3	23889.8	4217.5	11287.8	335.4	2487.8	3059.5
0	736.6	13	94.9	24640.7	5018.3	11285.9	318.9	3354.8	3524.1
0	825	3.1	120	25431.5	5903.6	11094.5	0	4270.1	3981.4
1	1012.4	27.9	234.3	26214.2	6799.1	10996.4	912.4	5241.7	2999.8
1	450	0.1	90	8108.5	3420.5	4340.5	60	94.9	3972.1
1	350	0	254.6	8443.3	1276.3	550.7	30	189.7	3928.3
1	358.3	16.8	1018.7	8131.9	5143	7944.7	690	284.6	4123.9
0	414.9	16.5	740.9	12547	1247.8	12830.2	789.2	1224.5	4371.8
0	809.3	8.4	720	16347.5	3260.6	11751.5	108.2	1158	3766.7
0	783.3	25.9	807.8	17292.2	1689.1	11186.1	1101.5	1146.3	2790.6
0	797.1	23.2	150	18408.7	1776.1	10692.8	1290	1271.4	2958
0	946.2	9.8	0	24828.2	6417.1	10115.7	0	4034.9	3326.8
1	328.6	13.9	416.8	7612.4	1186.8	7531.7	845.3	416.8	3819.3
0	325.5	3.3	466.7	10017.8	1946.5	10050.2	510.9	649	3765.4
0	519.7	19.1	330	12350	2363.2	12410.4	330	1651.1	3783.6
0	892.5	19	295.5	15911.2	3097	10626.1	284.6	1943.3	3376.9
0	946.4	27.9	161.6	18890.5	3711.4	9543.8	1290.3	2010.9	2692.4
1	336.9	18.3	630.7	6130.9	2210.5	4268.2	150	42.4	3321.3
1	375	0	918.3	7893.3	7434.7	5790	134.2	361.2	3941
1	375	0.7	365	8276.2	1075.4	8017.6	948.7	523.9	3901.5
0	424.9	14.9	335.4	8667.1	1790.5	8633	1822.4	1259.3	3302.3
1	353.6	22.4	212.1	9164.7	2524.5	9334.7	1265.7	1400.1	2845.3
1	382.7	24.1	276.6	10351.7	1812.2	10579.2	241.9	870.5	2822.2
0	468.3	16.7	318.9	10974.8	2180.1	11093.7	424.3	1148.3	3360.7
0	496.5	12.1	579.4	11551	2858	11530.8	402.5	1909	3534.8
0	877.8	9.7	189.7	12876.6	3566.3	12239.2	90	3754.8	4327.3
1	722.3	30.2	174.9	13133.6	3486.3	12639.1	827.6	4748.1	4479.1
0	633.7	10.4	42.4	18917.3	5031.6	8646.8	127.3	1374.1	3514.2
1	648.5	7.4	408	20418.3	5831.2	8404.3	94.9	182.5	4040.6
0	677.9	6.6	240	21222.2	6128	8290.6	201.2	769	4238.4
0	429	29.6	442.9	7354.7	1994.5	7236.9	1081.7	1292.4	2747.4
1	608.3	23.7	300	7791.9	2455.1	7913.2	1983	1897.6	4241.3
0	615.4	20	942	9591	2797.9	9735.6	228.5	1849.8	3122.8
1	541.5	24.8	446	10164.1	3049.1	10196.7	676.8	2049.2	2941.4
1	625	0.3	270	11455.4	4253	10957.4	606.7	3282.1	4032.7
1	608.4	26.1	670.8	11949.5	4537.5	11325.4	335.4	4120.6	3302.6
0	570.3	21.6	216.3	12172.9	4474.9	11756.5	918.3	4108.4	4287.4
0	775.5	13.9	391.2	19026.8	6379.8	7639.9	1024	1180.7	4207.2
1	846.2	28.6	510	21458.8	7433.3	7302.1	400.2	2148.3	2833.3
0	1018	19.6	150	23162.9	7257.4	7168.6	60	3927.6	4551.9
1	324.9	5.2	169.7	4049.2	1323.1	2400.8	60	540	3718
1	271.2	17.1	483.7	4050.1	700.4	4690.5	446	247.4	3284
1	276.2	7.2	67.1	6049.4	1899.7	5819.5	450	626.4	3966.3
0	585.2	15.2	174.9	10034	4409.6	9686.1	308.9	3371.4	4218.6
0	492.3	32	228.5	10745.9	4470.1	9996.5	0	3951.4	3418.9
1	530	21.5	270	12311.3	4872.3	9355.6	0	3448.4	4419.7
1	686.4	28.6	210	12816	5515.6	8675.3	240	4002.5	4462.1
0	870.9	15	300	18410.5	6057.6	6655.2	1026.2	2110.3	3444.5
0	742.6	19.6	180	20073	6891.2	6284.1	150	2343.3	3095.8
1	400	2	218.4	3078.3	2311.8	2581	189.7	256.3	3918.6
1	250	4.6	391.2	3546.2	3546.9	4295.3	494.8	342.1	4014.5
1	402.1	21.3	870	5119.8	1113.6	5092.8	258.1	270	3757.5
1	264.3	28.8	0	10232.5	2942.4	10026.3	60	2153.5	2764
1	195.6	3.9	276.6	2070.2	1231.5	2761.5	169.7	247.4	3929.7
1	354.2	14.5	67.1	4734	908	5315.3	212.1	429.5	3570.2
0	466.4	19.6	150	5388.2	1893.8	5653.5	150	1376.7	3260.2
0	592.7	23.2	384.2	5999.1	2912.5	6141.2	403.6	1992.2	3103.9
0	532.4	19.5	424.3	6559.6	3901.8	6635	134.2	2508.9	3348.5
0	525	6.5	60	7213	4539.8	7066.3	67.1	3246.8	3704.8
1	645.3	18.6	381.8	7950.1	4549.1	7497	120	4092.6	3331.6
1	517.5	24.5	192.1	10099.4	2715.6	8931.7	706.1	1194.7	4354
1	733.2	16.4	420	10617	3478.1	8096.3	660	1897.4	4370.3
0	1086.7	16.2	577.1	16479	3901.5	4739	510	3837.3	4507.3
0	471.6	8.1	769	2248.4	1570.4	3738.9	30	90	3726.5
1	240.3	23.4	391.2	2007.3	3540.1	371.1	420	30	3120.2
1	273.2	17.4	450	2439.1	2184	2252.2	30	42.4	3119.5
1	875	26.7	1264.6	7314.2	4213.9	6527.1	134.2	3233.6	3855.6
1	550	1.5	161.6	7812.3	2324.2	7264.3	123.7	2429.8	3958.7
1	310.5	13.8	234.3	8720.7	1273.5	8435.3	210	295.5	4274.1
0	434.8	31	150	9222.1	2106.4	8320.8	234.3	547.4	2386.9
0	596.2	10.8	342.1	9786.1	3026.4	7568.9	60	1562.6	3614.8
0	863	31.2	402.5	14236.9	3113.6	3606.6	1154.1	2478.2	3501.8
0	1121.8	29.8	42.4	19531.4	4156.2	3296.9	84.9	2077.8	4185.4
0	450	0	180	1331.5	1143.5	3019.7	30	174.9	3976.9
1	551.7	26.4	480	6837.1	2130.8	6415.4	67.1	1731.2	4569.2
0	608.3	26	617.7	9694.6	3870.5	6244.4	42.4	2583.7	2628.5
1	944.1	24.9	228.5	17293.2	3236.9	2552.1	123.7	2109.8	4451
0	1065.4	22.7	218.4	20024.7	2766	2680.8	865.9	1572.1	3877.1
1	500.9	18.6	276.6	3726	1223.8	3488.9	780	859.1	4448.8
0	625.9	10.2	488.4	4535.2	2203.1	4015.3	228.5	1844	3928.8
0	539.9	30	295.5	8294.6	3065.4	6127.4	492	1760.8	3451.3
1	870.3	18.8	212.1	9026.8	4009.9	5608.6	90	2591.1	4671
0	1047.9	21.5	589.4	17813.5	3784.4	1356.7	878.2	842.1	4658.6
1	768.4	42.3	67.1	18724.7	2912.5	1356.7	0	189.7	2265.5
1	347.3	17.2	523.9	4893.3	3274.3	3358.4	436.8	2117.3	4314.3
1	325.1	25.6	150	4756	3295.1	3692	474.3	1299.7	4408.7
1	410.5	29.4	792	6873.6	2803	5587.8	42.4	845.3	4240.3
1	484.2	18	390	7613.7	3546.7	5219.1	258.1	1802.5	4422
1	572	30.5	484.7	8405.4	4178.7	4726.3	379.5	1608	4021.2
1	881.1	29.7	740.9	10120.7	3630.5	3729.3	90	1863.9	4596.7
0	738.1	30	551.5	18360	2648.3	499.3	342.1	342.1	2485.9
0	355.2	14.1	254.6	13680.5	523.9	1233.3	127.3	331.4	3309.2
1	673.1	26.3	300	17588.9	2286.5	2177	442.9	2305.3	2776.9
0	180.1	12.7	807.8	886.4	1366.2	697.8	271.7	90	3956.8
0	405.6	19.9	108.2	12483.1	1916.7	1467.5	67.1	934.3	3904
1	609.6	30.8	276.6	13489.2	1484.9	2221.8	658	975.8	3785.8
0	493.4	28.4	254.6	14467.7	1664.1	2371.7	228.5	764.9	2676.4
1	300.9	18.6	577.1	1786.2	4564.8	892	108.2	210	3451.6
0	281.5	7.5	636.4	10382.8	2371.7	1157.6	745.2	324.5	3566.6
0	357.1	12.9	30	11367.3	3235.1	1682.4	42.4	1084.2	3408.6
1	655.7	12.6	0	17347.5	771.3	4134.6	84.9	3699.9	3499.2
0	1195	19.8	1005.8	20342	2171	2942.4	468.6	1276.3	4086.8
1	283.9	18.7	1050.4	8310.9	2370.8	1434.1	730.5	660	3704.5
0	870.7	28.4	573.1	13320.5	3347.1	3649.8	658	2757.7	4540.1
1	800.2	13.6	318.9	14310.5	2401.7	4307.6	189.7	2690.3	4126.9
1	719	3.8	1127.3	15300.5	1514.3	4601.7	30	2978.5	3957.8
0	718.3	13.3	84.9	17310.4	1126.1	5095.5	0	3104.1	3537.3
0	1082.5	14.2	318.9	19320.4	2885	4360.3	1195.5	1540.6	3746.8
1	529.3	37.3	930.5	8355.4	1741.6	1001.3	699.7	670.8	2267.1
0	396.3	19	0	11343.4	1454	2442	330	1186.8	3104.5
1	575.9	20.2	174.9	12330.7	2040.4	3234	1281.6	2155.4	4472.8
0	920.5	10	721.2	14336.4	2900.2	4987	240	3704.7	3743
1	972	22	1529.7	15324.7	2221.8	5530.8	844.8	3919	3288.8
0	780	8	240	17331.8	1977.7	6037.2	84.9	2658	3778
1	448.8	27.7	254.6	10486.3	576.3	1056.8	488.4	362.5	3529
0	655.3	17.3	60	13449.2	2575.3	3725.8	1406.2	3167.2	3331.6
0	861.4	20.9	499.3	14430.4	3558.3	4689.3	1230	4183	3658.5
0	1111.6	6.4	829.8	15412.6	3088.7	5662	1578.9	4406.2	4430.9
0	978.5	16.4	0	17409.6	2918	6992.3	994.1	2418.1	3780.4
0	342.1	24.8	361.2	9735.7	1611.4	335.4	420	692.6	3084.6
1	876.6	28.5	270	13627.8	2634	3600.1	825.4	3415.4	3169.9
0	507.5	30.8	513.5	1638.8	2583.7	1913.7	1250.3	1207.5	2356
0	532.3	30.5	483.7	2229.9	3391.2	2154.2	492	1412.2	2418.9
0	587.9	28.9	1260.4	5799.9	2618.4	2671.5	420	1293.1	3086.8
1	529.3	29.9	349.9	7393.7	664.1	2066.3	646.2	1113.6	2468.3
1	605.1	32.6	468.6	9167	1395.9	1721.5	534.1	990	2691.7
0	699	28.6	360	11021.8	1710.3	1183.4	523.9	1938.7	2696.1
0	1069.6	20.9	335.4	12310	2694.7	2562.9	60	3278.2	3349.9
